02114803112
SUMAN SAURABH
SID: 190000067240
SchemeID: 190312007001
99101(4)
 15  71 
 86 
99103(3)
 18  65 
 83 
99105(3)
 20  56 
 76 
36107(2)
 17  61 
 78 
27109(3)
 19  55 
 74 
99111(3)
 20  64 
 84 
99113(1)
- 75 
 75 
99151(1)
 30  53 
 83 
99153(1)
 34  54 
 88 
27155(2)
 34  53 
 87 
36157(2)
 32  47 
 79 
36159(1)
 30  59 
 89 
 26 
02214803112
VISHAL GUPTA
SID: 190000067241
SchemeID: 190312007001
99101(4)
 22  70 
 92 
99103(3)
 18  65 
 83 
99105(3)
 23  59 
 82 
36107(2)
 17  60 
 77 
27109(3)
 18  53 
 71 
99111(3)
 18  57 
 75 
99113(1)
- 70 
 70 
99151(1)
 32  48 
 80 
99153(1)
 34  55 
 89 
27155(2)
 37  54 
 91 
36157(2)
 28  47 
 75 
36159(1)
 28  59 
 87 
 26 
02614803112
APOORV SHANKAR
SID: 190000067242
SchemeID: 190312007001
99101(4)
 9  32 
 41 
99103(3)
 13  33 
50*
99105(3)
 15  44 
 59 
36107(2)
 16  51 
 67 
27109(3)
 13  48 
 61 
99111(3)
 13  61 
 74 
99113(1)
- 50 
 50 
99151(1)
 20  45 
 65 
99153(1)
 30  55 
 85 
27155(2)
 20  49 
 69 
36157(2)
 22  48 
 70 
36159(1)
 21  59 
 80 
 22 
02814803112
ANIRUDH AGARWAL
SID: 190000067243
SchemeID: 190312007001
99101(4)
 22  55 
 77 
99103(3)
 15  37 
 52 
99105(3)
 20  49 
 69 
36107(2)
 19  54 
 73 
27109(3)
 17  41 
 58 
99111(3)
 16  53 
 69 
99113(1)
- 74 
 74 
99151(1)
 33  49 
 82 
99153(1)
 34  59 
 93 
27155(2)
 32  51 
 83 
36157(2)
 33  44 
 77 
36159(1)
 30  59 
 89 
 26 
03814803112
ABHINAV SINGAL
SID: 190000067244
SchemeID: 190312007001
99101(4)
 15  66 
 81 
99103(3)
 15  62 
 77 
99105(3)
 18  35 
 53 
36107(2)
 18  53 
 71 
27109(3)
 19  59 
 78 
99111(3)
 17  47 
 64 
99113(1)
- 69 
 69 
99151(1)
 32  52 
 84 
99153(1)
 31  59 
 90 
27155(2)
 33  49 
 82 
36157(2)
 20  49 
 69 
36159(1)
 33  59 
 92 
 26 
04514803112
JYOTI
SID: 190000067245
SchemeID: 190312007001
99101(4)
 14  26 
 40 
99103(3)
 16  36 
 52 
99105(3)
 20  47 
 67 
36107(2)
 17  41 
 58 
27109(3)
 18  56 
 74 
99111(3)
 18  42 
 60 
99113(1)
- 81 
 81 
99151(1)
 31  45 
 76 
99153(1)
 36  58 
 94 
27155(2)
 32  47 
 79 
36157(2)
 36  51 
 87 
36159(1)
 32  59 
 91 
 22 
04914803112
SANDEEP KUMAR
SID: 190000067246
SchemeID: 190312007001
99101(4)
 14  53 
 67 
99103(3)
 16  39 
 55 
99105(3)
 18  44 
 62 
36107(2)
 17  38 
 55 
27109(3)
 17  57 
 74 
99111(3)
 16  49 
 65 
99113(1)
- 74 
 74 
99151(1)
 39  46 
 85 
99153(1)
 36  57 
 93 
27155(2)
 34  47 
 81 
36157(2)
 36  39 
 75 
36159(1)
 26  59 
 85 
 26
05014803112
SAMEER
SID: 190000067247
SchemeID: 190312007001
99101(4)
 21  74 
 95 
99103(3)
 18  51 
 69 
99105(3)
 22  56 
 78 
36107(2)
 18  46 
 64 
27109(3)
 20  61 
 81 
99111(3)
 18  56 
 74 
99113(1)
- 76 
 76 
99151(1)
 33  52 
 85 
99153(1)
 35  56 
 91 
27155(2)
 36  49 
 85 
36157(2)
 35  45 
 80 
36159(1)
 32  59 
 91 
 26 
05114803112
AJAY KRISHAN
SID: 190000067248
SchemeID: 190312007001
99101(4)
 20  62 
 82 
99103(3)
 15  72 
 87 
99105(3)
 22  60 
 82 
36107(2)
 22  67 
 89 
27109(3)
 18  61 
 79 
99111(3)
 18  50 
 68 
99113(1)
- 82 
 82 
99151(1)
 33  48 
 81 
99153(1)
 35  59 
 94 
27155(2)
 35  49 
 84 
36157(2)
 35  46 
 81 
36159(1)
 24  59 
 83 
 26 
05214803112
POONAM BHALIYAN
SID: 190000067249
SchemeID: 190312007001
99101(4)
 16  63 
 79 
99103(3)
 20  60 
 80 
99105(3)
 19  67 
 86 
36107(2)
 20  59 
 79 
27109(3)
 22  65 
 87 
99111(3)
 19  46 
 65 
99113(1)
- 78 
 78 
99151(1)
 35  46 
 81 
99153(1)
 36  59 
 95 
27155(2)
 38  54 
 92 
36157(2)
 35  48 
 83 
36159(1)
 29  59 
 88 
 26 
05414803112
NAVEEN
SID: 190000067250
SchemeID: 190312007001
99101(4)
 13  37 
 50 
99103(3)
 13  38 
 51 
99105(3)
 17  30 
50*
36107(2)
 15  40 
 55 
27109(3)
 13  25 
 38 
99111(3)
 13  39 
 52 
99113(1)
- 72 
 72 
99151(1)
 31  46 
 77 
99153(1)
 33  51 
 84 
27155(2)
 31  49 
 80 
36157(2)
 32  41 
 73 
36159(1)
 30  59 
 89 
 23 
05514803112
ANKITA ANAND
SID: 190000067251
SchemeID: 190312007001
99101(4)
 10  25 
 35 
99103(3)
 8  20 
 28 
99105(3)
 9  40 
50*
36107(2)
 13  36 
50*
27109(3)
 16  39 
 55 
99111(3)
 10  44 
 54 
99113(1)
- 63 
 63 
99151(1)
 30  51 
 81 
99153(1)
 32  51 
 83 
27155(2)
 32  53 
 85 
36157(2)
 35  49 
 84 
36159(1)
 34  59 
 93 
 19 
05714803112
B V S SRINIVAS
SID: 190000067253
SchemeID: 190312007001
99101(4)
 13  33 
50*
99103(3)
 10  34 
 44 
99105(3)
 13  25 
 38 
36107(2)
 15  38 
 53 
27109(3)
 18  38 
 56 
99111(3)
 10  54 
 64 
99113(1)
- 60 
 60 
99151(1)
 31  50 
 81 
99153(1)
 32  58 
 90 
27155(2)
 32  51 
 83 
36157(2)
 34  42 
 76 
36159(1)
 31  59 
 90 
 20 
05814803112
ANKIT KUMAR SINGH
SID: 190000067254
SchemeID: 190312007001
99101(4)
 15  36 
 51 
99103(3)
 13  49 
 62 
99105(3)
 18  44 
 62 
36107(2)
 20  34 
 54 
27109(3)
 15  63 
 78 
99111(3)
 19  40 
 59 
99113(1)
- 63 
 63 
99151(1)
 30  45 
 75 
99153(1)
 35  56 
 91 
27155(2)
 32  51 
 83 
36157(2)
 30  38 
 68 
36159(1)
 28  59 
 87 
 26 
05914803112
URVASHI SHARMA
SID: 190000067255
SchemeID: 190312007001
99101(4)
 16  58 
 74 
99103(3)
 18  63 
 81 
99105(3)
 15  50 
 65 
36107(2)
 17  55 
 72 
27109(3)
 16  63 
 79 
99111(3)
 13  54 
 67 
99113(1)
- 87 
 87 
99151(1)
 34  55 
 89 
99153(1)
 35  57 
 92 
27155(2)
 33  53 
 86 
36157(2)
 37  45 
 82 
36159(1)
 38  59 
 97 
 26 
06014803112
AAWESH
SID: 190000067256
SchemeID: 190312007001
99101(4)
 14  40 
 54 
99103(3)
 13  20 
 33 
99105(3)
 17  42 
 59 
36107(2)
 13  47 
 60 
27109(3)
 17  60 
 77 
99111(3)
 20  54 
 74 
99113(1)
- 66 
 66 
99151(1)
 26  49 
 75 
99153(1)
 33  59 
 92 
27155(2)
 29  51 
 80 
36157(2)
 32  49 
 81 
36159(1)
 35  59 
 94 
 23
06114803112
AARUSH SAKHUJI
SID: 190000067257
SchemeID: 190312007001
99101(4)
 17  41 
 58 
99103(3)
 17  18 
 35 
99105(3)
 15  36 
 51 
36107(2)
 15  49 
 64 
27109(3)
 14  39 
 53 
99111(3)
 17  44 
 61 
99113(1)
- 87 
 87 
99151(1)
 31  45 
 76 
99153(1)
 33  53 
 86 
27155(2)
 32  54 
 86 
36157(2)
 29  45 
 74 
36159(1)
 31  59 
 90 
 23 
06214803112
NEERAJ KUMAR VERMA
SID: 190000067258
SchemeID: 190312007001
99101(4)
 16  49 
 65 
99103(3)
 18  43 
 61 
99105(3)
 16  38 
 54 
36107(2)
 13  39 
 52 
27109(3)
 13  47 
 60 
99111(3)
 14  40 
 54 
99113(1)
- 77 
 77 
99151(1)
 26  44 
 70 
99153(1)
 31  56 
 87 
27155(2)
 32  49 
 81 
36157(2)
 28  41 
 69 
36159(1)
 29  59 
 88 
 26 
06314803112
SOURABH KUMAR
SID: 190000067259
SchemeID: 190312007001
99101(4)
 17  41 
 58 
99103(3)
 15  37 
 52 
99105(3)
 16  45 
 61 
36107(2)
 13  42 
 55 
27109(3)
 13  57 
 70 
99111(3)
 16  42 
 58 
99113(1)
- 70 
 70 
99151(1)
 27  45 
 72 
99153(1)
 32  57 
 89 
27155(2)
 33  47 
 80 
36157(2)
 27  38 
 65 
36159(1)
 24  59 
 83 
 26 
06414803112
HARSHITA SINGH
SID: 190000067260
SchemeID: 190312007001
99101(4)
 13  25 
 38 
99103(3)
 13  44 
 57 
99105(3)
 13  32 
50*
36107(2)
 15  43 
 58 
27109(3)
 14  51 
 65 
99111(3)
 13  42 
 55 
99113(1)
- 70 
 70 
99151(1)
 25  50 
 75 
99153(1)
 30  51 
 81 
27155(2)
 31  45 
 76 
36157(2)
 33  42 
 75 
36159(1)
 32  59 
 91 
 22 
06514803112
JATIN KUMAR
SID: 190000067261
SchemeID: 190312007001
99101(4)
 17  55 
 72 
99103(3)
 16  51 
 67 
99105(3)
 17  35 
 52 
36107(2)
 17  60 
 77 
27109(3)
 20  62 
 82 
99111(3)
 20  52 
 72 
99113(1)
- 82 
 82 
99151(1)
 29  49 
 78 
99153(1)
 33  59 
 92 
27155(2)
 38  49 
 87 
36157(2)
 30  38 
 68 
36159(1)
 33  59 
 92 
 26 
06614803112
NEHA
SID: 190000067262
SchemeID: 190312007001
99101(4)
 15  39 
 54 
99103(3)
 20  47 
 67 
99105(3)
 18  59 
 77 
36107(2)
 13  55 
 68 
27109(3)
 13  54 
 67 
99111(3)
 17  51 
 68 
99113(1)
- 70 
 70 
99151(1)
 24  48 
 72 
99153(1)
 33  56 
 89 
27155(2)
 34  47 
 81 
36157(2)
 24  39 
 63 
36159(1)
 25  59 
 84 
 26 
06714803112
PRIYA SEHRAWAT
SID: 190000067263
SchemeID: 190312007001
99101(4)
 14  40 
 54 
99103(3)
 14  50 
 64 
99105(3)
 14  41 
 55 
36107(2)
 15  46 
 61 
27109(3)
 16  64 
 80 
99111(3)
 18  52 
 70 
99113(1)
- 73 
 73 
99151(1)
 30  49 
 79 
99153(1)
 31  59 
 90 
27155(2)
 32  47 
 79 
36157(2)
 35  48 
 83 
36159(1)
 35  59 
 94 
 26 
06814803112
ANURAG TREHAN
SID: 190000067264
SchemeID: 190312007001
99101(4)
 16  54 
 70 
99103(3)
 16  48 
 64 
99105(3)
 15  36 
 51 
36107(2)
 13  56 
 69 
27109(3)
 13  46 
 59 
99111(3)
 18  30 
50*
99113(1)
- 70 
 70 
99151(1)
 32  52 
 84 
99153(1)
 31  58 
 89 
27155(2)
 32  49 
 81 
36157(2)
 24  45 
 69 
36159(1)
 26  59 
 85 
 26 
06914803112
KULDEEP KUMAR
SID: 190000067265
SchemeID: 190312007001
99101(4)
 15  40 
 55 
99103(3)
 17  39 
 56 
99105(3)
 19  43 
 62 
36107(2)
 18  59 
 77 
27109(3)
 21  62 
 83 
99111(3)
 19  54 
 73 
99113(1)
- 74 
 74 
99151(1)
 29  46 
 75 
99153(1)
 32  51 
 83 
27155(2)
 31  51 
 82 
36157(2)
 33  46 
 79 
36159(1)
 36  59 
 95 
 26 
07014803112
PALLAVI VERMA
SID: 190000067266
SchemeID: 190312007001
99101(4)
 15  43 
 58 
99103(3)
 14  45 
 59 
99105(3)
 21  54 
 75 
36107(2)
 13  51 
 64 
27109(3)
 17  61 
 78 
99111(3)
 19  61 
 80 
99113(1)
- 63 
 63 
99151(1)
 26  50 
 76 
99153(1)
 33  58 
 91 
27155(2)
 32  49 
 81 
36157(2)
 30  43 
 73 
36159(1)
 33  59 
 92 
 26
07114803112
PRERNA SINGH
SID: 190000067267
SchemeID: 190312007001
99101(4)
 13  44 
 57 
99103(3)
 17  41 
 58 
99105(3)
 14  53 
 67 
36107(2)
 15  47 
 62 
27109(3)
 14  56 
 70 
99111(3)
 13  49 
 62 
99113(1)
- 70 
 70 
99151(1)
 30  51 
 81 
99153(1)
 32  59 
 91 
27155(2)
 34  51 
 85 
36157(2)
 20  49 
 69 
36159(1)
 24  59 
 83 
 26 
07214803112
SHALU SINGH
SID: 190000067268
SchemeID: 190312007001
99101(4)
 13  33 
50*
99103(3)
 13  32 
 45 
99105(3)
 16  20 
 36 
36107(2)
 8  37 
 45 
27109(3)
 13  46 
 59 
99111(3)
 18  60 
 78 
99113(1)
- 54 
 54 
99151(1)
 20  42 
 62 
99153(1)
 27  56 
 83 
27155(2)
 23  51 
 74 
36157(2)
 20  39 
 59 
36159(1)
 22  59 
 81 
 18 
07314803112
SUKHDEV MATHUR
SID: 190000067269
SchemeID: 190312007001
99101(4)
 17  54 
 71 
99103(3)
 14  46 
 60 
99105(3)
 18  49 
 67 
36107(2)
 18  44 
 62 
27109(3)
 17  59 
 76 
99111(3)
 20  53 
 73 
99113(1)
- 79 
 79 
99151(1)
 34  49 
 83 
99153(1)
 33  57 
 90 
27155(2)
 34  54 
 88 
36157(2)
 28  38 
 66 
36159(1)
 35  59 
 94 
 26 
07414803112
VAIBHAV ANAND
SID: 190000067270
SchemeID: 190312007001
99101(4)
 13  39 
 52 
99103(3)
 15  37 
 52 
99105(3)
 18  41 
 59 
36107(2)
 15  52 
 67 
27109(3)
 18  39 
 57 
99111(3)
 13  58 
 71 
99113(1)
- 80 
 80 
99151(1)
 28  47 
 75 
99153(1)
 33  59 
 92 
27155(2)
 30  42 
 72 
36157(2)
 34  38 
 72 
36159(1)
 30  59 
 89 
 26 
07514803112
ANMOL VIRMANI
SID: 190000067271
SchemeID: 190312007001
99101(4)
 17  70 
 87 
99103(3)
 17  68 
 85 
99105(3)
 21  46 
 67 
36107(2)
 15  54 
 69 
27109(3)
 21  63 
 84 
99111(3)
 20  44 
 64 
99113(1)
- 80 
 80 
99151(1)
 26  53 
 79 
99153(1)
 34  59 
 93 
27155(2)
 38  53 
 91 
36157(2)
 30  41 
 71 
36159(1)
 26  59 
 85 
 26 
07614803112
AMAN BAREJA
SID: 190000067272
SchemeID: 190312007001
99101(4)
 17  67 
 84 
99103(3)
 16  64 
 80 
99105(3)
 19  50 
 69 
36107(2)
 23  51 
 74 
27109(3)
 17  60 
 77 
99111(3)
 20  59 
 79 
99113(1)
- 77 
 77 
99151(1)
 31  50 
 81 
99153(1)
 32  58 
 90 
27155(2)
 34  47 
 81 
36157(2)
 24  49 
 73 
36159(1)
 31  59 
 90 
 26 
07714803112
ASHISH KUMAR AGGARWAL
SID: 190000067273
SchemeID: 190312007001
99101(4)
 18  70 
 88 
99103(3)
 20  67 
 87 
99105(3)
 23  55 
 78 
36107(2)
 19  66 
 85 
27109(3)
 19  63 
 82 
99111(3)
 17  56 
 73 
99113(1)
- 81 
 81 
99151(1)
 36  53 
 89 
99153(1)
 36  57 
 93 
27155(2)
 36  47 
 83 
36157(2)
 25  38 
 63 
36159(1)
 27  59 
 86 
 26 
07814803112
TEJESHWAR SINGH
SID: 190000067274
SchemeID: 190312007001
99101(4)
 15  57 
 72 
99103(3)
 16  51 
 67 
99105(3)
 21  59 
 80 
36107(2)
 20  53 
 73 
27109(3)
 18  44 
 62 
99111(3)
 17  60 
 77 
99113(1)
- 69 
 69 
99151(1)
 32  50 
 82 
99153(1)
 34  57 
 91 
27155(2)
 38  53 
 91 
36157(2)
 28  46 
 74 
36159(1)
 28  59 
 87 
 26 
07914803112
DEEPAK GOYAL
SID: 190000067275
SchemeID: 190312007001
99101(4)
 18  47 
 65 
99103(3)
 19  70 
 89 
99105(3)
 19  63 
 82 
36107(2)
 15  57 
 72 
27109(3)
 18  42 
 60 
99111(3)
 14  65 
 79 
99113(1)
- 82 
 82 
99151(1)
 33  53 
 86 
99153(1)
 34  51 
 85 
27155(2)
 30  45 
 75 
36157(2)
 34  51 
 85 
36159(1)
 35  59 
 94 
 26 
08014803112
LAKSHAYA SOOD
SID: 190000067276
SchemeID: 190312007001
99101(4)
 20  68 
 88 
99103(3)
 16  62 
 78 
99105(3)
 22  57 
 79 
36107(2)
 15  62 
 77 
27109(3)
 21  64 
 85 
99111(3)
 14  61 
 75 
99113(1)
- 64 
 64 
99151(1)
 28  47 
 75 
99153(1)
 36  58 
 94 
27155(2)
 33  45 
 78 
36157(2)
 29  48 
 77 
36159(1)
 36  59 
 95 
 26
08114803112
RISHAV KUMAR
SID: 190000067277
SchemeID: 190312007001
99101(4)
 13  55 
 68 
99103(3)
 13  66 
 79 
99105(3)
 22  45 
 67 
36107(2)
 13  44 
 57 
27109(3)
 15  45 
 60 
99111(3)
 15  34 
50*
99113(1)
- 56 
 56 
99151(1)
 29  48 
 77 
99153(1)
 38  59 
 97 
27155(2)
 35  45 
 80 
36157(2)
 25  41 
 66 
36159(1)
 28  59 
 87 
 26 
08214803112
SAHIL JAIN
SID: 190000067278
SchemeID: 190312007001
99101(4)
 23  74 
 97 
99103(3)
 23  70 
 93 
99105(3)
 25  65 
 90 
36107(2)
 18  53 
 71 
27109(3)
 21  62 
 83 
99111(3)
 20  65 
 85 
99113(1)
- 80 
 80 
99151(1)
 37  55 
 92 
99153(1)
 36  56 
 92 
27155(2)
 38  45 
 83 
36157(2)
 36  46 
 82 
36159(1)
 34  59 
 93 
 26 
08314803112
AKSHANSH
SID: 190000067279
SchemeID: 190312007001
99101(4)
 19  52 
 71 
99103(3)
 17  61 
 78 
99105(3)
 23  65 
 88 
36107(2)
 20  50 
 70 
27109(3)
 20  60 
 80 
99111(3)
 21  58 
 79 
99113(1)
- 82 
 82 
99151(1)
 30  45 
 75 
99153(1)
 33  56 
 89 
27155(2)
 34  45 
 79 
36157(2)
 28  44 
 72 
36159(1)
 28  59 
 87 
 26 
08414803112
RAHUL YADAV
SID: 190000067280
SchemeID: 190312007001
99101(4)
 13  53 
 66 
99103(3)
 16  67 
 83 
99105(3)
 22  62 
 84 
36107(2)
 15  68 
 83 
27109(3)
 15  57 
 72 
99111(3)
 13  60 
 73 
99113(1)
- 72 
 72 
99151(1)
 25  49 
 74 
99153(1)
 35  57 
 92 
27155(2)
 34  49 
 83 
36157(2)
 26  45 
 71 
36159(1)
 33  59 
 92 
 26 
08514803112
ADITYA BAJAJ
SID: 190000067281
SchemeID: 190312007001
99101(4)
 19  47 
 66 
99103(3)
 14  57 
 71 
99105(3)
 23  66 
 89 
36107(2)
 17  61 
 78 
27109(3)
 17  54 
 71 
99111(3)
 14  52 
 66 
99113(1)
- 76 
 76 
99151(1)
 29  50 
 79 
99153(1)
 32  58 
 90 
27155(2)
 33  51 
 84 
36157(2)
 29  46 
 75 
36159(1)
 28  59 
 87 
 26 
08614803112
ROHAN GARG
SID: 190000067282
SchemeID: 190312007001
99101(4)
 19  57 
 76 
99103(3)
 21  74 
 95 
99105(3)
 23  66 
 89 
36107(2)
 21  53 
 74 
27109(3)
 18  53 
 71 
99111(3)
 21  62 
 83 
99113(1)
- 82 
 82 
99151(1)
 32  52 
 84 
99153(1)
 35  59 
 94 
27155(2)
 35  51 
 86 
36157(2)
 25  43 
 68 
36159(1)
 34  59 
 93 
 26 
08714803112
ANUJ NIJHAWAN
SID: 190000067283
SchemeID: 190312007001
99101(4)
 17  51 
 68 
99103(3)
 16  48 
 64 
99105(3)
 21  58 
 79 
36107(2)
 14  40 
 54 
27109(3)
 18  50 
 68 
99111(3)
 15  47 
 62 
99113(1)
- 70 
 70 
99151(1)
 34  52 
 86 
99153(1)
 34  58 
 92 
27155(2)
 30  54 
 84 
36157(2)
 36  48 
 84 
36159(1)
 33  59 
 92 
 26 
08814803112
UMANG HANS
SID: 190000067284
SchemeID: 190312007001
99101(4)
 15  48 
 63 
99103(3)
 15  69 
 84 
99105(3)
 21  58 
 79 
36107(2)
 22  69 
 91 
27109(3)
 20  68 
 88 
99111(3)
 20  46 
 66 
99113(1)
- 78 
 78 
99151(1)
 33  51 
 84 
99153(1)
 32  57 
 89 
27155(2)
 35  50 
 85 
36157(2)
 23  45 
 68 
36159(1)
 33  59 
 92 
 26 
08914803112
DEEPAK KAPOOR
SID: 190000067285
SchemeID: 190312007001
99101(4)
 14  50 
 64 
99103(3)
 13  53 
 66 
99105(3)
 19  49 
 68 
36107(2)
 18  45 
 63 
27109(3)
 21  54 
 75 
99111(3)
 19  53 
 72 
99113(1)
- 66 
 66 
99151(1)
 32  44 
 76 
99153(1)
 32  56 
 88 
27155(2)
 36  51 
 87 
36157(2)
 20  44 
 64 
36159(1)
 28  59 
 87 
 26 
09014803112
RAHUL GARG
SID: 190000067286
SchemeID: 190312007001
99101(4)
 16  47 
 63 
99103(3)
 19  59 
 78 
99105(3)
 19  51 
 70 
36107(2)
 16  55 
 71 
27109(3)
 18  44 
 62 
99111(3)
 19  46 
 65 
99113(1)
- 75 
 75 
99151(1)
 30  49 
 79 
99153(1)
 32  59 
 91 
27155(2)
 32  53 
 85 
36157(2)
 26  41 
 67 
36159(1)
 35  59 
 94 
 26
09114803112
ROHAN SHEKU
SID: 190000067287
SchemeID: 190312007001
99101(4)
 15  56 
 71 
99103(3)
 17  63 
 80 
99105(3)
 19  48 
 67 
36107(2)
 18  60 
 78 
27109(3)
 20  57 
 77 
99111(3)
 21  49 
 70 
99113(1)
- 82 
 82 
99151(1)
 32  48 
 80 
99153(1)
 34  58 
 92 
27155(2)
 35  53 
 88 
36157(2)
 30  43 
 73 
36159(1)
 35  59 
 94 
 26 
09214803112
NIPUN GARG
SID: 190000067288
SchemeID: 190312007001
99101(4)
 17  57 
 74 
99103(3)
 19  60 
 79 
99105(3)
 21  51 
 72 
36107(2)
 20  51 
 71 
27109(3)
 17  59 
 76 
99111(3)
 21  64 
 85 
99113(1)
- 79 
 79 
99151(1)
 33  52 
 85 
99153(1)
 32  59 
 91 
27155(2)
 35  49 
 84 
36157(2)
 32  41 
 73 
36159(1)
 34  59 
 93 
 26 
09314803112
VISHAL PANDEY
SID: 190000067289
SchemeID: 190312007001
99101(4)
 16  52 
 68 
99103(3)
 16  52 
 68 
99105(3)
 20  62 
 82 
36107(2)
 20  47 
 67 
27109(3)
 19  58 
 77 
99111(3)
 19  50 
 69 
99113(1)
- 82 
 82 
99151(1)
 33  52 
 85 
99153(1)
 36  57 
 93 
27155(2)
 37  49 
 86 
36157(2)
 31  48 
 79 
36159(1)
 32  59 
 91 
 26 
09414803112
PURTI
SID: 190000067290
SchemeID: 190312007001
99101(4)
 17  64 
 81 
99103(3)
 16  52 
 68 
99105(3)
 19  49 
 68 
36107(2)
 15  55 
 70 
27109(3)
 19  47 
 66 
99111(3)
 15  35 
 50 
99113(1)
- 76 
 76 
99151(1)
 35  53 
 88 
99153(1)
 33  57 
 90 
27155(2)
 30  51 
 81 
36157(2)
 36  42 
 78 
36159(1)
 33  59 
 92 
 26 
09514803112
VIBHOR SEHGAL
SID: 190000067291
SchemeID: 190312007001
99101(4)
 16  63 
 79 
99103(3)
 19  74 
 93 
99105(3)
 22  60 
 82 
36107(2)
 20  64 
 84 
27109(3)
 22  63 
 85 
99111(3)
 20  32 
 52 
99113(1)
- 71 
 71 
99151(1)
 36  43 
 79 
99153(1)
 34  59 
 93 
27155(2)
 35  53 
 88 
36157(2)
 29  41 
 70 
36159(1)
 35  59 
 94 
 26 
09614803112
KRITI SETH
SID: 190000067292
SchemeID: 190312007001
99101(4)
 23  74 
 97 
99103(3)
 19  74 
 93 
99105(3)
 25  72 
 97 
36107(2)
 22  64 
 86 
27109(3)
 20  68 
 88 
99111(3)
 20  60 
 80 
99113(1)
- 85 
 85 
99151(1)
 31  48 
 79 
99153(1)
 35  59 
 94 
27155(2)
 35  51 
 86 
36157(2)
 30  48 
 78 
36159(1)
 32  59 
 91 
 26 
09714803112
AAKASH ROY
SID: 190000067293
SchemeID: 190312007001
99101(4)
 17  48 
 65 
99103(3)
 17  59 
 76 
99105(3)
 17  50 
 67 
36107(2)
 17  35 
 52 
27109(3)
 14  52 
 66 
99111(3)
 18  65 
 83 
99113(1)
- 65 
 65 
99151(1)
 30  42 
 72 
99153(1)
 33  57 
 90 
27155(2)
 33  47 
 80 
36157(2)
 28  45 
 73 
36159(1)
 27  59 
 86 
 26 
09814803112
VAIBHAV CHANDHOK
SID: 190000067294
SchemeID: 190312007001
99101(4)
 17  66 
 83 
99103(3)
 15  60 
 75 
99105(3)
 20  59 
 79 
36107(2)
 17  42 
 59 
27109(3)
 19  55 
 74 
99111(3)
 19  40 
 59 
99113(1)
- 75 
 75 
99151(1)
 30  49 
 79 
99153(1)
 34  58 
 92 
27155(2)
 36  47 
 83 
36157(2)
 28  48 
 76 
36159(1)
 27  59 
 86 
 26 
09914803112
ABHISHEK AGGARWAL
SID: 190000067295
SchemeID: 190312007001
99101(4)
 16  57 
 73 
99103(3)
 15  54 
 69 
99105(3)
 18  58 
 76 
36107(2)
 19  63 
 82 
27109(3)
 16  59 
 75 
99111(3)
 17  51 
 68 
99113(1)
- 72 
 72 
99151(1)
 30  45 
 75 
99153(1)
 31  59 
 90 
27155(2)
 30  49 
 79 
36157(2)
 25  44 
 69 
36159(1)
 26  59 
 85 
 26 
10014803112
KARAN RAINA
SID: 190000067296
SchemeID: 190312007001
99101(4)
 24  61 
 85 
99103(3)
 16  65 
 81 
99105(3)
 21  72 
 93 
36107(2)
 23  67 
 90 
27109(3)
 22  56 
 78 
99111(3)
 20  62 
 82 
99113(1)
- 80 
 80 
99151(1)
 34  51 
 85 
99153(1)
 36  58 
 94 
27155(2)
 37  53 
 90 
36157(2)
 32  48 
 80 
36159(1)
 34  59 
 93 
 26
10114803112
LOKESH TUTEJA
SID: 190000067297
SchemeID: 190312007001
99101(4)
 16  47 
 63 
99103(3)
 13  43 
 56 
99105(3)
 21  47 
 68 
36107(2)
 19  59 
 78 
27109(3)
 20  37 
 57 
99111(3)
 17  53 
 70 
99113(1)
- 58 
 58 
99151(1)
 29  48 
 77 
99153(1)
 34  56 
 90 
27155(2)
 33  49 
 82 
36157(2)
 32  38 
 70 
36159(1)
 28  59 
 87 
 26 
10214803112
NIKHIL TAYAL
SID: 190000067298
SchemeID: 190312007001
99101(4)
 13  51 
 64 
99103(3)
 18  34 
 52 
99105(3)
 16  56 
 72 
36107(2)
 18  49 
 67 
27109(3)
 15  43 
 58 
99111(3)
 17  35 
 52 
99113(1)
- 70 
 70 
99151(1)
 26  44 
 70 
99153(1)
 35  58 
 93 
27155(2)
 35  47 
 82 
36157(2)
 24  43 
 67 
36159(1)
 22  59 
 81 
 26 
10314803112
M P NARASIMHAN
SID: 190000067299
SchemeID: 190312007001
99101(4)
 13  25 
 38 
99103(3)
 20  49 
 69 
99105(3)
 17  44 
 61 
36107(2)
 15  55 
 70 
27109(3)
 19  43 
 62 
99111(3)
 18  61 
 79 
99113(1)
- 70 
 70 
99151(1)
 34  50 
 84 
99153(1)
 32  59 
 91 
27155(2)
 29  47 
 76 
36157(2)
 20  39 
 59 
36159(1)
 27  59 
 86 
 22 
10414803112
DEEPTI  KATHURIA
SID: 190000067300
SchemeID: 190312007001
99101(4)
 18  53 
 71 
99103(3)
 17  62 
 79 
99105(3)
 19  55 
 74 
36107(2)
 22  59 
 81 
27109(3)
 21  70 
 91 
99111(3)
 20  61 
 81 
99113(1)
- 85 
 85 
99151(1)
 33  55 
 88 
99153(1)
 36  59 
 95 
27155(2)
 39  58 
 97 
36157(2)
 32  47 
 79 
36159(1)
 35  59 
 94 
 26 
10514803112
AMIT GUPTA
SID: 190000067301
SchemeID: 190312007001
99101(4)
 13  29 
 42 
99103(3)
 16  30 
50*
99105(3)
 13  23 
 36 
36107(2)
 9  40 
50*
27109(3)
 15  46 
 61 
99111(3)
 16  55 
 71 
99113(1)
- 70 
 70 
99151(1)
 37  52 
 89 
99153(1)
 31  56 
 87 
27155(2)
 32  47 
 79 
36157(2)
 22  43 
 65 
36159(1)
 25  59 
 84 
 19 
10614803112
VAIBHAV MINOCHA
SID: 190000067302
SchemeID: 190312007001
99101(4)
 16  49 
 65 
99103(3)
 15  53 
 68 
99105(3)
 17  47 
 64 
36107(2)
 13  41 
 54 
27109(3)
 13  33 
50*
99111(3)
 15  58 
 73 
99113(1)
- 66 
 66 
99151(1)
 29  48 
 77 
99153(1)
 32  56 
 88 
27155(2)
 32  39 
 71 
36157(2)
 29  40 
 69 
36159(1)
 28  59 
 87 
 26 
10714803112
SRISHTI SURJAN
SID: 190000067303
SchemeID: 190312007001
99101(4)
 19  54 
 73 
99103(3)
 20  49 
 69 
99105(3)
 15  59 
 74 
36107(2)
 13  48 
 61 
27109(3)
 13  49 
 62 
99111(3)
 15  51 
 66 
99113(1)
- 70 
 70 
99151(1)
 36  48 
 84 
99153(1)
 30  54 
 84 
27155(2)
 34  49 
 83 
36157(2)
 31  41 
 72 
36159(1)
 28  59 
 87 
 26 
10814803112
SARTHAK MITTAL
SID: 190000067304
SchemeID: 190312007001
99101(4)
 16  54 
 70 
99103(3)
 19  44 
 63 
99105(3)
 13  25 
 38 
36107(2)
 13  40 
 53 
27109(3)
 15  48 
 63 
99111(3)
 16  40 
 56 
99113(1)
- 70 
 70 
99151(1)
 36  51 
 87 
99153(1)
 32  56 
 88 
27155(2)
 31  42 
 73 
36157(2)
 20  35 
 55 
36159(1)
 29  59 
 88 
 23 
10914803112
PALAK GUPTA
SID: 190000067305
SchemeID: 190312007001
99101(4)
 25  74 
 99 
99103(3)
 23  58 
 81 
99105(3)
 22  53 
 75 
36107(2)
 23  63 
 86 
27109(3)
 17  65 
 82 
99111(3)
 22  62 
 84 
99113(1)
- 93 
 93 
99151(1)
 36  55 
 91 
99153(1)
 35  59 
 94 
27155(2)
 38  55 
 93 
36157(2)
 32  47 
 79 
36159(1)
 34  59 
 93 
 26 
11014803112
DEEPAN VERMA
SID: 190000067306
SchemeID: 190312007001
99101(4)
 21  68 
 89 
99103(3)
 24  70 
 94 
99105(3)
 16  61 
 77 
36107(2)
 16  43 
 59 
27109(3)
 18  63 
 81 
99111(3)
 18  36 
 54 
99113(1)
- 74 
 74 
99151(1)
 31  50 
 81 
99153(1)
 32  56 
 88 
27155(2)
 31  44 
 75 
36157(2)
 27  36 
 63 
36159(1)
 24  59 
 83 
 26
11114803112
AMANDEEP SACHDEVA
SID: 190000067307
SchemeID: 190312007001
99101(4)
 21  63 
 84 
99103(3)
 17  64 
 81 
99105(3)
 19  59 
 78 
36107(2)
 21  56 
 77 
27109(3)
 20  54 
 74 
99111(3)
 19  41 
 60 
99113(1)
- 73 
 73 
99151(1)
 32  47 
 79 
99153(1)
 35  57 
 92 
27155(2)
 34  50 
 84 
36157(2)
 33  43 
 76 
36159(1)
 34  59 
 93 
 26 
11214803112
AKASH JAIN
SID: 190000067308
SchemeID: 190312007001
99101(4)
 23  74 
 97 
99103(3)
 18  67 
 85 
99105(3)
 25  59 
 84 
36107(2)
 22  69 
 91 
27109(3)
 20  62 
 82 
99111(3)
 21  55 
 76 
99113(1)
- 84 
 84 
99151(1)
 33  54 
 87 
99153(1)
 35  59 
 94 
27155(2)
 36  51 
 87 
36157(2)
 32  43 
 75 
36159(1)
 30  59 
 89 
 26 
11314803112
JYOTMAN SINGH
SID: 190000067309
SchemeID: 190312007001
99101(4)
 13  39 
 52 
99103(3)
 14  48 
 62 
99105(3)
 19  44 
 63 
36107(2)
 15  39 
 54 
27109(3)
 18  48 
 66 
99111(3)
 15  48 
 63 
99113(1)
- 74 
 74 
99151(1)
 33  49 
 82 
99153(1)
 35  58 
 93 
27155(2)
 38  50 
 88 
36157(2)
 26  40 
 66 
36159(1)
 32  59 
 91 
 26 
11414803112
GEETANSH JAIN
SID: 190000067310
SchemeID: 190312007001
99101(4)
 20  60 
 80 
99103(3)
 24  71 
 95 
99105(3)
 22  65 
 87 
36107(2)
 18  70 
 88 
27109(3)
 23  65 
 88 
99111(3)
 19  46 
 65 
99113(1)
- 85 
 85 
99151(1)
 34  52 
 86 
99153(1)
 34  59 
 93 
27155(2)
 34  45 
 79 
36157(2)
 29  42 
 71 
36159(1)
 31  59 
 90 
 26 
11514803112
BARUN SHARMA
SID: 190000067311
SchemeID: 190312007001
99101(4)
 15  51 
 66 
99103(3)
 15  32 
50*
99105(3)
 20  35 
 55 
36107(2)
 19  32 
 51 
27109(3)
 17  48 
 65 
99111(3)
 20  52 
 72 
99113(1)
- 68 
 68 
99151(1)
 30  50 
 80 
99153(1)
 32  57 
 89 
27155(2)
 35  48 
 83 
36157(2)
 29  44 
 73 
36159(1)
 31  59 
 90 
 26 
11614803112
AYUSH LALCHANDANI
SID: 190000067312
SchemeID: 190312007001
99101(4)
 19  60 
 79 
99103(3)
 13  48 
 61 
99105(3)
 23  55 
 78 
36107(2)
 19  45 
 64 
27109(3)
 18  36 
 54 
99111(3)
 21  42 
 63 
99113(1)
- 76 
 76 
99151(1)
 29  53 
 82 
99153(1)
 32  59 
 91 
27155(2)
 33  47 
 80 
36157(2)
 24  39 
 63 
36159(1)
 28  59 
 87 
 26 
11714803112
ABHISHEK BHARDWAJ
SID: 190000067313
SchemeID: 190312007001
99101(4)
 19  66 
 85 
99103(3)
 19  74 
 93 
99105(3)
 23  54 
 77 
36107(2)
 23  46 
 69 
27109(3)
 19  54 
 73 
99111(3)
 20  56 
 76 
99113(1)
- 78 
 78 
99151(1)
 36  55 
 91 
99153(1)
 34  59 
 93 
27155(2)
 36  51 
 87 
36157(2)
 34  40 
 74 
36159(1)
 33  59 
 92 
 26 
11814803112
HITESHI CHOWDHARY
SID: 190000067314
SchemeID: 190312007001
99101(4)
 23  72 
 95 
99103(3)
 14  62 
 76 
99105(3)
 24  59 
 83 
36107(2)
 21  52 
 73 
27109(3)
 19  70 
 89 
99111(3)
 21  41 
 62 
99113(1)
- 82 
 82 
99151(1)
 34  52 
 86 
99153(1)
 34  59 
 93 
27155(2)
 35  48 
 83 
36157(2)
 27  46 
 73 
36159(1)
 34  59 
 93 
 26 
11914803112
ANSHUL GOEL
SID: 190000067315
SchemeID: 190312007001
99101(4)
 17  37 
 54 
99103(3)
 16  57 
 73 
99105(3)
 23  35 
 58 
36107(2)
 13  47 
 60 
27109(3)
 19  38 
 57 
99111(3)
 16  55 
 71 
99113(1)
- 73 
 73 
99151(1)
 34  50 
 84 
99153(1)
 31  57 
 88 
27155(2)
 31  47 
 78 
36157(2)
 29  43 
 72 
36159(1)
 35  59 
 94 
 26 
12014803112
SHANTANU KWATRA
SID: 190000067316
SchemeID: 190312007001
99101(4)
 14  40 
 54 
99103(3)
 15  47 
 62 
99105(3)
 18  55 
 73 
36107(2)
 17  46 
 63 
27109(3)
 19  44 
 63 
99111(3)
 20  48 
 68 
99113(1)
- 72 
 72 
99151(1)
 34  48 
 82 
99153(1)
 32  59 
 91 
27155(2)
 34  52 
 86 
36157(2)
 20  38 
 58 
36159(1)
 31  59 
 90 
 26
12114803112
MAYANK LAMBA
SID: 190000067317
SchemeID: 190312007001
99101(4)
 13  50 
 63 
99103(3)
 15  37 
 52 
99105(3)
 13  51 
 64 
36107(2)
 13  34 
50*
27109(3)
 19  41 
 60 
99111(3)
 19  62 
 81 
99113(1)
- 76 
 76 
99151(1)
 26  47 
 73 
99153(1)
 30  56 
 86 
27155(2)
 34  46 
 80 
36157(2)
 26  43 
 69 
36159(1)
 29  59 
 88 
 26 
12214803112
RAHUL JAIN
SID: 190000067318
SchemeID: 190312007001
99101(4)
 21  54 
 75 
99103(3)
 17  58 
 75 
99105(3)
 22  47 
 69 
36107(2)
 19  51 
 70 
27109(3)
 21  65 
 86 
99111(3)
 19  55 
 74 
99113(1)
- 75 
 75 
99151(1)
 37  51 
 88 
99153(1)
 37  59 
 96 
27155(2)
 37  45 
 82 
36157(2)
 35  46 
 81 
36159(1)
 29  59 
 88 
 26 
12314803112
PREETI
SID: 190000067319
SchemeID: 190312007001
99101(4)
 22  69 
 91 
99103(3)
 22  56 
 78 
99105(3)
 24  64 
 88 
36107(2)
 22  59 
 81 
27109(3)
 21  53 
 74 
99111(3)
 19  38 
 57 
99113(1)
- 74 
 74 
99151(1)
 33  51 
 84 
99153(1)
 39  59 
 98 
27155(2)
 38  48 
 86 
36157(2)
 31  38 
 69 
36159(1)
 28  59 
 87 
 26 
12414803112
ANKUSH GARG
SID: 190000067320
SchemeID: 190312007001
99101(4)
 13  35 
50*
99103(3)
 16  42 
 58 
99105(3)
 18  44 
 62 
36107(2)
 16  38 
 54 
27109(3)
 17  49 
 66 
99111(3)
 16  55 
 71 
99113(1)
- 65 
 65 
99151(1)
 29  52 
 81 
99153(1)
 34  59 
 93 
27155(2)
 32  47 
 79 
36157(2)
 30  48 
 78 
36159(1)
 31  59 
 90 
 26 
12514803112
MANIK CHAWLA
SID: 190000067321
SchemeID: 190312007001
99101(4)
 17  57 
 74 
99103(3)
 16  60 
 76 
99105(3)
 21  47 
 68 
36107(2)
 20  55 
 75 
27109(3)
 20  64 
 84 
99111(3)
 20  57 
 77 
99113(1)
- 80 
 80 
99151(1)
 30  48 
 78 
99153(1)
 39  59 
 98 
27155(2)
 36  48 
 84 
36157(2)
 28  44 
 72 
36159(1)
 28  59 
 87 
 26 
12614803112
ASHISH GOEL
SID: 190000067322
SchemeID: 190312007001
99101(4)
 15  51 
 66 
99103(3)
 15  52 
 67 
99105(3)
 15  36 
 51 
36107(2)
 15  31 
50*
27109(3)
 17  52 
 69 
99111(3)
 18  58 
 76 
99113(1)
- 71 
 71 
99151(1)
 33  54 
 87 
99153(1)
 34  56 
 90 
27155(2)
 36  52 
 88 
36157(2)
 28  43 
 71 
36159(1)
 28  59 
 87 
 26 
12714803112
SANYA SAHNI
SID: 190000067323
SchemeID: 190312007001
99101(4)
 15  54 
 69 
99103(3)
 20  56 
 76 
99105(3)
 23  57 
 80 
36107(2)
 22  50 
 72 
27109(3)
 16  67 
 83 
99111(3)
 22  57 
 79 
99113(1)
- 83 
 83 
99151(1)
 36  50 
 86 
99153(1)
 36  59 
 95 
27155(2)
 36  42 
 78 
36157(2)
 27  46 
 73 
36159(1)
 32  59 
 91 
 26 
12814803112
SHARAD DARGAN
SID: 190000067324
SchemeID: 190312007001
99101(4)
 19  71 
 90 
99103(3)
 16  74 
 90 
99105(3)
 21  56 
 77 
36107(2)
 22  47 
 69 
27109(3)
 21  56 
 77 
99111(3)
 20  60 
 80 
99113(1)
- 79 
 79 
99151(1)
 32  54 
 86 
99153(1)
 34  59 
 93 
27155(2)
 35  44 
 79 
36157(2)
 27  50 
 77 
36159(1)
 29  59 
 88 
 26 
12914803112
SHASHANK JOSHI
SID: 190000067325
SchemeID: 190312007001
99101(4)
 19  74 
 93 
99103(3)
 20  59 
 79 
99105(3)
 23  43 
 66 
36107(2)
 19  50 
 69 
27109(3)
 19  63 
 82 
99111(3)
 19  53 
 72 
99113(1)
- 69 
 69 
99151(1)
 30  47 
 77 
99153(1)
 38  59 
 97 
27155(2)
 34  46 
 80 
36157(2)
 31  45 
 76 
36159(1)
 28  59 
 87 
 26 
13014803112
NITIKA MALHOTRA
SID: 190000067326
SchemeID: 190312007001
99101(4)
 19  72 
 91 
99103(3)
 22  74 
 96 
99105(3)
 23  71 
 94 
36107(2)
 19  55 
 74 
27109(3)
 22  70 
 92 
99111(3)
 19  49 
 68 
99113(1)
- 80 
 80 
99151(1)
 33  50 
 83 
99153(1)
 38  59 
 97 
27155(2)
 35  51 
 86 
36157(2)
 31  52 
 83 
36159(1)
 33  59 
 92 
 26
13114803112
ASHISH KHOSLA
SID: 190000067327
SchemeID: 190312007001
99101(4)
 19  69 
 88 
99103(3)
 17  61 
 78 
99105(3)
 22  41 
 63 
36107(2)
 18  39 
 57 
27109(3)
 17  60 
 77 
99111(3)
 18  40 
 58 
99113(1)
- 72 
 72 
99151(1)
 31  52 
 83 
99153(1)
 32  59 
 91 
27155(2)
 35  48 
 83 
36157(2)
 31  46 
 77 
36159(1)
 33  59 
 92 
 26 
13214803112
VARUN AGGARWAL
SID: 190000067328
SchemeID: 190312007001
99101(4)
 19  73 
 92 
99103(3)
 24  52 
 76 
99105(3)
 24  73 
 97 
36107(2)
 18  61 
 79 
27109(3)
 16  60 
 76 
99111(3)
 17  65 
 82 
99113(1)
- 80 
 80 
99151(1)
 37  54 
 91 
99153(1)
 36  59 
 95 
27155(2)
 34  47 
 81 
36157(2)
 32  43 
 75 
36159(1)
 35  59 
 94 
 26 
13314803112
YASH AGGARWAL
SID: 190000067329
SchemeID: 190312007001
99101(4)
 16  52 
 68 
99103(3)
 15  59 
 74 
99105(3)
 23  56 
 79 
36107(2)
 20  53 
 73 
27109(3)
 19  71 
 90 
99111(3)
 20  67 
 87 
99113(1)
- 74 
 74 
99151(1)
 30  50 
 80 
99153(1)
 35  59 
 94 
27155(2)
 34  49 
 83 
36157(2)
 29  44 
 73 
36159(1)
 33  59 
 92 
 26 
13414803112
VINEET SINGH
SID: 190000067330
SchemeID: 190312007001
99101(4)
 18  66 
 84 
99103(3)
 15  60 
 75 
99105(3)
 20  61 
 81 
36107(2)
 18  52 
 70 
27109(3)
 17  53 
 70 
99111(3)
 20  48 
 68 
99113(1)
- 68 
 68 
99151(1)
 30  48 
 78 
99153(1)
 38  59 
 97 
27155(2)
 32  44 
 76 
36157(2)
 24  46 
 70 
36159(1)
 29  59 
 88 
 26 
13514803112
DHRUV SHARMA
SID: 190000067331
SchemeID: 190312007001
99101(4)
 21  48 
 69 
99103(3)
 19  64 
 83 
99105(3)
 23  59 
 82 
36107(2)
 15  71 
 86 
27109(3)
 18  63 
 81 
99111(3)
 20  62 
 82 
99113(1)
- 77 
 77 
99151(1)
 35  52 
 87 
99153(1)
 33  59 
 92 
27155(2)
 33  47 
 80 
36157(2)
 29  46 
 75 
36159(1)
 29  59 
 88 
 26 
13614803112
ABHISHEK JINDAL
SID: 190000067332
SchemeID: 190312007001
99101(4)
 17  61 
 78 
99103(3)
 14  49 
 63 
99105(3)
 18  31 
50*
36107(2)
 21  42 
 63 
27109(3)
 20  57 
 77 
99111(3)
 18  51 
 69 
99113(1)
- 70 
 70 
99151(1)
 33  55 
 88 
99153(1)
 34  58 
 92 
27155(2)
 35  51 
 86 
36157(2)
 30  43 
 73 
36159(1)
 29  59 
 88 
 26 
13714803112
VINAY BHARDWAJ
SID: 190000067333
SchemeID: 190312007001
99101(4)
 18  59 
 77 
99103(3)
 22  52 
 74 
99105(3)
 23  52 
 75 
36107(2)
 19  43 
 62 
27109(3)
 20  46 
 66 
99111(3)
 20  48 
 68 
99113(1)
- 71 
 71 
99151(1)
 30  51 
 81 
99153(1)
 31  59 
 90 
27155(2)
 33  55 
 88 
36157(2)
 20  41 
 61 
36159(1)
 33  59 
 92 
 26 
13814803112
HARSHITA LAV
SID: 190000066744
SchemeID: 190312007001
99101(4)
 20  61 
 81 
99103(3)
 19  64 
 83 
99105(3)
 19  53 
 72 
36107(2)
 16  59 
 75 
27109(3)
 16  63 
 79 
99111(3)
 19  57 
 76 
99113(1)
- 83 
 83 
99151(1)
 31  53 
 84 
99153(1)
 34  59 
 93 
27155(2)
 34  46 
 80 
36157(2)
 28  50 
 78 
36159(1)
 33  59 
 92 
 26 
13914803112
RICHA SHARMA
SID: 190000066745
SchemeID: 190312007001
99101(4)
 24  74 
 98 
99103(3)
 21  74 
 95 
99105(3)
 25  72 
 97 
36107(2)
 21  52 
 73 
27109(3)
 21  61 
 82 
99111(3)
 22  60 
 82 
99113(1)
- 71 
 71 
99151(1)
 36  54 
 90 
99153(1)
 38  59 
 97 
27155(2)
 38  49 
 87 
36157(2)
 30  52 
 82 
36159(1)
 34  59 
 93 
 26 
14014803112
SWAPNIL AHUJA
SID: 190000066746
SchemeID: 190312007001
99101(4)
 21  74 
 95 
99103(3)
 24  51 
 75 
99105(3)
 23  68 
 91 
36107(2)
 20  60 
 80 
27109(3)
 21  53 
 74 
99111(3)
 18  45 
 63 
99113(1)
- 76 
 76 
99151(1)
 36  46 
 82 
99153(1)
 35  59 
 94 
27155(2)
 28  54 
 82 
36157(2)
 30  42 
 72 
36159(1)
 32  59 
 91 
 26
14114803112
CHIRAG KHATRI
SID: 190000066747
SchemeID: 190312007001
99101(4)
 16  57 
 73 
99103(3)
 14  51 
 65 
99105(3)
 21  45 
 66 
36107(2)
 18  39 
 57 
27109(3)
 21  59 
 80 
99111(3)
 22  60 
 82 
99113(1)
- 73 
 73 
99151(1)
 31  47 
 78 
99153(1)
 32  58 
 90 
27155(2)
 34  48 
 82 
36157(2)
 26  46 
 72 
36159(1)
 28  59 
 87 
 26 
14214803112
AYUSH SINGHAL
SID: 190000066748
SchemeID: 190312007001
99101(4)
 17  48 
 65 
99103(3)
 17  49 
 66 
99105(3)
 18  69 
 87 
36107(2)
 18  49 
 67 
27109(3)
 22  55 
 77 
99111(3)
 16  52 
 68 
99113(1)
- 70 
 70 
99151(1)
 29  45 
 74 
99153(1)
 35  59 
 94 
27155(2)
 37  50 
 87 
36157(2)
 25  40 
 65 
36159(1)
 30  59 
 89 
 26 
14314803112
SHUBHAM GUPTA
SID: 190000066749
SchemeID: 190312007001
99101(4)
 19  50 
 69 
99103(3)
 15  40 
 55 
99105(3)
 19  34 
 53 
36107(2)
 15  42 
 57 
27109(3)
 16  61 
 77 
99111(3)
 16  35 
 51 
99113(1)
- 69 
 69 
99151(1)
 28  53 
 81 
99153(1)
 36  59 
 95 
27155(2)
 36  42 
 78 
36157(2)
 31  49 
 80 
36159(1)
 34  59 
 93 
 26 
14414803112
ASHWANI KHATRI
SID: 190000066750
SchemeID: 190312007001
99101(4)
 24  68 
 92 
99103(3)
 16  59 
 75 
99105(3)
 23  63 
 86 
36107(2)
 20  59 
 79 
27109(3)
 20  62 
 82 
99111(3)
 19  48 
 67 
99113(1)
- 71 
 71 
99151(1)
 31  55 
 86 
99153(1)
 31  59 
 90 
27155(2)
 35  46 
 81 
36157(2)
 30  37 
 67 
36159(1)
 28  59 
 87 
 26 
14514803112
SAMIKSHA LOHIA
SID: 190000066751
SchemeID: 190312007001
99101(4)
 22  74 
 96 
99103(3)
 17  59 
 76 
99105(3)
 23  57 
 80 
36107(2)
 22  46 
 68 
27109(3)
 18  54 
 72 
99111(3)
 19  40 
 59 
99113(1)
- 77 
 77 
99151(1)
 34  49 
 83 
99153(1)
 36  59 
 95 
27155(2)
 36  45 
 81 
36157(2)
 31  46 
 77 
36159(1)
 30  59 
 89 
 26 
14614803112
MEGHA RAIZADA
SID: 190000066752
SchemeID: 190312007001
99101(4)
 20  66 
 86 
99103(3)
 25  74 
 99 
99105(3)
 21  46 
 67 
36107(2)
 18  49 
 67 
27109(3)
 17  56 
 73 
99111(3)
 17  67 
 84 
99113(1)
- 81 
 81 
99151(1)
 35  52 
 87 
99153(1)
 34  59 
 93 
27155(2)
 35  53 
 88 
36157(2)
 28  40 
 68 
36159(1)
 30  59 
 89 
 26 
14714803112
GAURAV AHUJA
SID: 190000066753
SchemeID: 190312007001
99101(4)
 13  52 
 65 
99103(3)
 13  49 
 62 
99105(3)
 15  49 
 64 
36107(2)
 17  52 
 69 
27109(3)
 15  50 
 65 
99111(3)
 21  35 
 56 
99113(1)
- 66 
 66 
99151(1)
 29  44 
 73 
99153(1)
 32  56 
 88 
27155(2)
 36  42 
 78 
36157(2)
 23  39 
 62 
36159(1)
 28  59 
 87 
 26 
14814803112
AASHNA GUPTA
SID: 190000066754
SchemeID: 190312007001
99101(4)
 14  54 
 68 
99103(3)
 13  39 
 52 
99105(3)
 21  23 
50*
36107(2)
 15  44 
 59 
27109(3)
 19  55 
 74 
99111(3)
 19  41 
 60 
99113(1)
- 68 
 68 
99151(1)
 30  48 
 78 
99153(1)
 32  58 
 90 
27155(2)
 36  49 
 85 
36157(2)
 20  46 
 66 
36159(1)
 28  59 
 87 
 26 
14914803112
PRAKUL CHOPRA
SID: 190000066762
SchemeID: 190312007001
99101(4)
 20  74 
 94 
99103(3)
 20  62 
 82 
99105(3)
 25  64 
 89 
36107(2)
 20  47 
 67 
27109(3)
 19  63 
 82 
99111(3)
 20  48 
 68 
99113(1)
- 86 
 86 
99151(1)
 36  50 
 86 
99153(1)
 33  59 
 92 
27155(2)
 38  54 
 92 
36157(2)
 30  43 
 73 
36159(1)
 33  59 
 92 
 26 
15014803112
ISHITA JAIN
SID: 190000066761
SchemeID: 190312007001
99101(4)
 16  49 
 65 
99103(3)
 17  51 
 68 
99105(3)
 23  48 
 71 
36107(2)
 19  42 
 61 
27109(3)
 19  50 
 69 
99111(3)
 21  58 
 79 
99113(1)
- 89 
 89 
99151(1)
 36  46 
 82 
99153(1)
 34  59 
 93 
27155(2)
 40  56 
 96 
36157(2)
 34  44 
 78 
36159(1)
 35  59 
 94 
 26
15114803112
SAKSHI PRUTHI
SID: 190000066766
SchemeID: 190312007001
99101(4)
 17  51 
 68 
99103(3)
 17  60 
 77 
99105(3)
 20  47 
 67 
36107(2)
 20  56 
 76 
27109(3)
 22  44 
 66 
99111(3)
 20  60 
 80 
99113(1)
- 76 
 76 
99151(1)
 34  49 
 83 
99153(1)
 32  59 
 91 
27155(2)
 34  47 
 81 
36157(2)
 34  48 
 82 
36159(1)
 30  59 
 89 
 26 
15214803112
HIMANSHI CHHABRA
SID: 190000066760
SchemeID: 190312007001
99101(4)
 18  52 
 70 
99103(3)
 15  58 
 73 
99105(3)
 15  48 
 63 
36107(2)
 13  53 
 66 
27109(3)
 22  61 
 83 
99111(3)
 19  56 
 75 
99113(1)
- 74 
 74 
99151(1)
 32  54 
 86 
99153(1)
 30  56 
 86 
27155(2)
 35  46 
 81 
36157(2)
 30  52 
 82 
36159(1)
 29  59 
 88 
 26 
15314803112
ADITYA KHETARPAL
SID: 190000066758
SchemeID: 190312007001
99101(4)
 20  56 
 76 
99103(3)
 16  63 
 79 
99105(3)
 23  60 
 83 
36107(2)
 13  66 
 79 
27109(3)
 19  58 
 77 
99111(3)
 18  65 
 83 
99113(1)
- 82 
 82 
99151(1)
 35  54 
 89 
99153(1)
 33  59 
 92 
27155(2)
 35  49 
 84 
36157(2)
 36  47 
 83 
36159(1)
 27  59 
 86 
 26 
15414803112
ANUJ GUPTA
SID: 190000066759
SchemeID: 190312007001
99101(4)
 18  73 
 91 
99103(3)
 17  57 
 74 
99105(3)
 19  67 
 86 
36107(2)
 16  53 
 69 
27109(3)
 21  58 
 79 
99111(3)
 19  54 
 73 
99113(1)
- 76 
 76 
99151(1)
 33  50 
 83 
99153(1)
 36  59 
 95 
27155(2)
 37  45 
 82 
36157(2)
 35  46 
 81 
36159(1)
 31  59 
 90 
 26 
15514803112
VAIBHAV BANSAL
SID: 190000066756
SchemeID: 190312007001
99101(4)
 13  56 
 69 
99103(3)
 18  68 
 86 
99105(3)
 21  67 
 88 
36107(2)
 22  55 
 77 
27109(3)
 21  69 
 90 
99111(3)
 18  31 
50*
99113(1)
- 79 
 79 
99151(1)
 36  54 
 90 
99153(1)
 33  59 
 92 
27155(2)
 35  48 
 83 
36157(2)
 34  44 
 78 
36159(1)
 34  59 
 93 
 26 
15614803112
RAGHAV KALRA
SID: 190000066765
SchemeID: 190312007001
99101(4)
 13  42 
 55 
99103(3)
 13  53 
 66 
99105(3)
 16  38 
 54 
36107(2)
 17  43 
 60 
27109(3)
 19  62 
 81 
99111(3)
 19  61 
 80 
99113(1)
- 55 
 55 
99151(1)
 20  45 
 65 
99153(1)
 35  58 
 93 
27155(2)
 35  44 
 79 
36157(2)
 27  41 
 68 
36159(1)
 24  59 
 83 
 26 
15714803112
ROHAN MEHRA
SID: 190000066764
SchemeID: 190312007001
99101(4)
 16  53 
 69 
99103(3)
 14  43 
 57 
99105(3)
 17  47 
 64 
36107(2)
 13  58 
 71 
27109(3)
 15  53 
 68 
99111(3)
 15  49 
 64 
99113(1)
- 72 
 72 
99151(1)
 28  52 
 80 
99153(1)
 35  59 
 94 
27155(2)
 35  51 
 86 
36157(2)
 31  44 
 75 
36159(1)
 30  59 
 89 
 26 
15814803112
NIKHIL
SID: 190000066755
SchemeID: 190312007001
99101(4)
 18  56 
 74 
99103(3)
 18  53 
 71 
99105(3)
 20  71 
 91 
36107(2)
 18  41 
 59 
27109(3)
 18  46 
 64 
99111(3)
 16  46 
 62 
99113(1)
- 82 
 82 
99151(1)
 33  49 
 82 
99153(1)
 34  58 
 92 
27155(2)
 33  46 
 79 
36157(2)
 29  41 
 70 
36159(1)
 32  59 
 91 
 26 
15914803112
RICHA AGGARWAL
SID: 190000066763
SchemeID: 190312007001
99101(4)
 15  44 
 59 
99103(3)
 13  28 
 41 
99105(3)
 18  35 
 53 
36107(2)
 20  37 
 57 
27109(3)
 19  51 
 70 
99111(3)
 17  58 
 75 
99113(1)
- 76 
 76 
99151(1)
 31  48 
 79 
99153(1)
 37  56 
 93 
27155(2)
 35  44 
 79 
36157(2)
 35  42 
 77 
36159(1)
 30  59 
 89 
 23 
16014803112
ADITI BANSAL
SID: 190000066757
SchemeID: 190312007001
99101(4)
 17  42 
 59 
99103(3)
 16  53 
 69 
99105(3)
 21  39 
 60 
36107(2)
 18  39 
 57 
27109(3)
 20  63 
 83 
99111(3)
 18  55 
 73 
99113(1)
- 81 
 81 
99151(1)
 33 A
A
99153(1)
 38  59 
 97 
27155(2)
 34  50 
 84 
36157(2)
 36  42 
 78 
36159(1)
 29  59 
 88 
 25 