02114803112
SUMAN SAURABH
SID: 190000067240
SchemeID: 190312007001
99201(4)
 15  35 
 50 
27203(4)
 14  36 
 50 
28205(4)
 15  35 
 50 
27207(4)
 15  43 
 58 
31209(4)
 20  46 
 66 
27211(4)
 18  50 
 68 
27251(1)
 33  39 
 72 
28253(1)
 31  45 
 76 
31255(1)
 34  48 
 82 
27257(1)
 31  48 
 79 
 28 
02214803112
VISHAL GUPTA
SID: 190000067241
SchemeID: 190312007001
99201(4)
 20  60 
 80 
27203(4)
 14  46 
 60 
28205(4)
 17  46 
 63 
27207(4)
 17  51 
 68 
31209(4)
 24  51 
 75 
27211(4)
 22  60 
 82 
27251(1)
 32  30 
 62 
28253(1)
 34  48 
 82 
31255(1)
 33  48 
 81 
27257(1)
 28  50 
 78 
 28 
02614803112
APOORV SHANKAR
SID: 190000067242
SchemeID: 190312007001
99201(4)
 16  27 
 43 
27203(4)
 13  37 
 50 
28205(4)
 15  26 
 41 
27207(4)
 7  43 
 50 
31209(4)
 15  30 
50*
27211(4)
 13  42 
 55 
27251(1)
 26  39 
 65 
28253(1)
 28  45 
 73 
31255(1)
 30  50 
 80 
27257(1)
 20  35 
 55 
 20 
02814803112
ANIRUDH AGARWAL
SID: 190000067243
SchemeID: 190312007001
99201(4)
 15  26 
 41 
27203(4)
 14  49 
 63 
28205(4)
 18  56 
 74 
27207(4)
 14  35 
50*
31209(4)
 19  50 
 69 
27211(4)
 17  41 
 58 
27251(1)
 28  41 
 69 
28253(1)
 35  49 
 84 
31255(1)
 35  52 
 87 
27257(1)
 33  51 
 84 
 24 
03814803112
ABHINAV SINGAL
SID: 190000067244
SchemeID: 190312007001
99201(4)
 21  29 
 50 
27203(4)
 18  51 
 69 
28205(4)
 20  67 
 87 
27207(4)
 22  40 
 62 
31209(4)
 23  57 
 80 
27211(4)
 22  50 
 72 
27251(1)
 38  30 
 68 
28253(1)
 34  51 
 85 
31255(1)
 34  50 
 84 
27257(1)
 33  52 
 85 
 28 
04514803112
JYOTI
SID: 190000067245
SchemeID: 190312007001
99201(4)
 15  34 
50*
27203(4)
 14  38 
 52 
28205(4)
 18  39 
 57 
27207(4)
 15  40 
 55 
31209(4)
 17  36 
 53 
27211(4)
 18  32 
 50 
27251(1)
 39  47 
 86 
28253(1)
 34  49 
 83 
31255(1)
 34  47 
 81 
27257(1)
 32  45 
 77 
 28 
04914803112
SANDEEP KUMAR
SID: 190000067246
SchemeID: 190312007001
99201(4)
 15  38 
 53 
27203(4)
 14  36 
 50 
28205(4)
 19  37 
 56 
27207(4)
 14  46 
 60 
31209(4)
 16  35 
 51 
27211(4)
 17  50 
 67 
27251(1)
 31  37 
 68 
28253(1)
 34  50 
 84 
31255(1)
 29  45 
 74 
27257(1)
 27  48 
 75 
 28 
05014803112
SAMEER
SID: 190000067247
SchemeID: 190312007001
99201(4)
 21  29 
 50 
27203(4)
 14  36 
 50 
28205(4)
 18  36 
 54 
27207(4)
 16  34 
 50 
31209(4)
 24  51 
 75 
27211(4)
 18  49 
 67 
27251(1)
 31  47 
 78 
28253(1)
 34  49 
 83 
31255(1)
 36  52 
 88 
27257(1)
 33  52 
 85 
 28 
05114803112
AJAY KRISHAN
SID: 190000067248
SchemeID: 190312007001
99201(4)
 22  53 
 75 
27203(4)
 18  51 
 69 
28205(4)
 20  51 
 71 
27207(4)
 19  56 
 75 
31209(4)
 23  64 
 87 
27211(4)
 24  57 
 81 
27251(1)
 31  37 
 68 
28253(1)
 33  51 
 84 
31255(1)
 37  53 
 90 
27257(1)
 35  53 
 88 
 28 
05214803112
POONAM BHALIYAN
SID: 190000067249
SchemeID: 190312007001
99201(4)
 24  54 
 78 
27203(4)
 23  30 
 53 
28205(4)
 25  51 
 76 
27207(4)
 23  49 
 72 
31209(4)
 25  57 
 82 
27211(4)
 24  59 
 83 
27251(1)
 36  45 
 81 
28253(1)
 38  46 
 84 
31255(1)
 39  56 
 95 
27257(1)
 38  57 
 95 
 28
05514803112
ANKITA ANAND
SID: 190000067251
SchemeID: 190312007001
99201(4)
 15  22 
 37 
27203(4)
 13  37 
 50 
28205(4)
 13  44 
 57 
27207(4)
 8  45 
 53 
31209(4)
 14  45 
 59 
27211(4)
 3  12 
 15 
27251(1)
 30  42 
 72 
28253(1)
 28  44 
 72 
31255(1)
 29  46 
 75 
27257(1)
 22  35 
 57 
 20 
05714803112
B V S SRINIVAS
SID: 190000067253
SchemeID: 190312007001
99201(4)
 15  35 
 50 
27203(4)
 13  31 
 44 
28205(4)
 14  34 
50*
27207(4)
 12  17 
 29 
31209(4)
 15  24 
 39 
27211(4)
 17  26 
 43 
27251(1)
 32  33 
 65 
28253(1)
 28  48 
 76 
31255(1)
 30  47 
 77 
27257(1)
 26  44 
 70 
 12 
05814803112
ANKIT KUMAR SINGH
SID: 190000067254
SchemeID: 190312007001
99201(4)
 16  34 
 50 
27203(4)
 14  36 
 50 
28205(4)
 16  36 
 52 
27207(4)
 13  44 
 57 
31209(4)
 22  47 
 69 
27211(4)
 16  46 
 62 
27251(1)
 34  38 
 72 
28253(1)
 34  49 
 83 
31255(1)
 35  48 
 83 
27257(1)
 34  52 
 86 
 28 
05914803112
URVASHI SHARMA
SID: 190000067255
SchemeID: 190312007001
99201(4)
 17  33 
 50 
27203(4)
 16  35 
 51 
28205(4)
 18  37 
 55 
27207(4)
 17  45 
 62 
31209(4)
 18  35 
 53 
27211(4)
 19  56 
 75 
27251(1)
 31  39 
 70 
28253(1)
 34  46 
 80 
31255(1)
 35  47 
 82 
27257(1)
 30  50 
 80 
 28 
06014803112
AAWESH
SID: 190000067256
SchemeID: 190312007001
99201(4)
 15  35 
 50 
27203(4)
 13  43 
 56 
28205(4)
 16  45 
 61 
27207(4)
 13  39 
 52 
31209(4)
 18  50 
 68 
27211(4)
 18  51 
 69 
27251(1)
 35  40 
 75 
28253(1)
 32  45 
 77 
31255(1)
 36  50 
 86 
27257(1)
 36  53 
 89 
 28 
06114803112
AARUSH SAKHUJI
SID: 190000067257
SchemeID: 190312007001
99201(4)
 15  32 
50*
27203(4)
 13  37 
 50 
28205(4)
 15  38 
 53 
27207(4)
 16  34 
 50 
31209(4)
 16  48 
 64 
27211(4)
 16  26 
 42 
27251(1)
 37  39 
 76 
28253(1)
 33  48 
 81 
31255(1)
 35  52 
 87 
27257(1)
 30  49 
 79 
 24 
06214803112
NEERAJ KUMAR VERMA
SID: 190000067258
SchemeID: 190312007001
99201(4)
 19  35 
 54 
27203(4)
 14  36 
 50 
28205(4)
 17  33 
 50 
27207(4)
 14  36 
 50 
31209(4)
 19  39 
 58 
27211(4)
 17  33 
 50 
27251(1)
 33  40 
 73 
28253(1)
 33  48 
 81 
31255(1)
 35  47 
 82 
27257(1)
 25  40 
 65 
 28 
06314803112
SOURABH KUMAR
SID: 190000067259
SchemeID: 190312007001
99201(4)
 15  35 
 50 
27203(4)
 13  37 
 50 
28205(4)
 16  35 
 51 
27207(4)
 14  36 
 50 
31209(4)
 18  52 
 70 
27211(4)
 17  43 
 60 
27251(1)
 38  38 
 76 
28253(1)
 29  46 
 75 
31255(1)
 35  50 
 85 
27257(1)
 31  49 
 80 
 28 
06414803112
HARSHITA SINGH
SID: 190000067260
SchemeID: 190312007001
99201(4)
 15  35 
 50 
27203(4)
 13  31 
50*
28205(4)
 13  46 
 59 
27207(4)
 13  40 
 53 
31209(4)
 16  34 
 50 
27211(4)
 15  38 
 53 
27251(1)
 33  37 
 70 
28253(1)
 33  42 
 75 
31255(1)
 34  50 
 84 
27257(1)
 30  50 
 80 
 28
06514803112
JATIN KUMAR
SID: 190000067261
SchemeID: 190312007001
99201(4)
 15  43 
 58 
27203(4)
 15  35 
 50 
28205(4)
 17  33 
 50 
27207(4)
 20  32 
 52 
31209(4)
 21  60 
 81 
27211(4)
 17  54 
 71 
27251(1)
 33  40 
 73 
28253(1)
 32  48 
 80 
31255(1)
 35  53 
 88 
27257(1)
 33  52 
 85 
 28 
06614803112
NEHA
SID: 190000067262
SchemeID: 190312007001
99201(4)
 21  42 
 63 
27203(4)
 14  42 
 56 
28205(4)
 17  33 
 50 
27207(4)
 14  27 
 41 
31209(4)
 21  62 
 83 
27211(4)
 19  54 
 73 
27251(1)
 39  37 
 76 
28253(1)
 34  58 
 92 
31255(1)
 35  49 
 84 
27257(1)
 30  50 
 80 
 24 
06714803112
PRIYA SEHRAWAT
SID: 190000067263
SchemeID: 190312007001
99201(4)
 24  32 
 56 
27203(4)
 15  47 
 62 
28205(4)
 22  49 
 71 
27207(4)
 17  54 
 71 
31209(4)
 22  54 
 76 
27211(4)
 20  53 
 73 
27251(1)
 39  37 
 76 
28253(1)
 34  54 
 88 
31255(1)
 35  50 
 85 
27257(1)
 33  52 
 85 
 28 
06814803112
ANURAG TREHAN
SID: 190000067264
SchemeID: 190312007001
99201(4)
 15  40 
 55 
27203(4)
 14  41 
 55 
28205(4)
 16  37 
 53 
27207(4)
 14  18 
 32 
31209(4)
 20  48 
 68 
27211(4)
 18  27 
50*
27251(1)
 32  39 
 71 
28253(1)
 32  46 
 78 
31255(1)
 34  48 
 82 
27257(1)
 30  49 
 79 
 24 
06914803112
KULDEEP KUMAR
SID: 190000067265
SchemeID: 190312007001
99201(4)
 15  25 
 40 
27203(4)
 14  36 
 50 
28205(4)
 14  54 
 68 
27207(4)
 17  39 
 56 
31209(4)
 21  52 
 73 
27211(4)
 18  34 
 52 
27251(1)
 32  37 
 69 
28253(1)
 36  44 
 80 
31255(1)
 34  47 
 81 
27257(1)
 30  47 
 77 
 24 
07014803112
PALLAVI VERMA
SID: 190000067266
SchemeID: 190312007001
99201(4)
 21  36 
 57 
27203(4)
 14  53 
 67 
28205(4)
 17  53 
 70 
27207(4)
 18  32 
 50 
31209(4)
 16  32 
50*
27211(4)
 19  37 
 56 
27251(1)
 32  40 
 72 
28253(1)
 34  48 
 82 
31255(1)
 34  48 
 82 
27257(1)
 31  50 
 81 
 28 
07114803112
PRERNA SINGH
SID: 190000067267
SchemeID: 190312007001
99201(4)
 17  31 
50*
27203(4)
 14  41 
 55 
28205(4)
 16  57 
 73 
27207(4)
 16  38 
 54 
31209(4)
 18  60 
 78 
27211(4)
 15  46 
 61 
27251(1)
 23  44 
 67 
28253(1)
 33  49 
 82 
31255(1)
 32  48 
 80 
27257(1)
 30  48 
 78 
 28 
07214803112
SHALU SINGH
SID: 190000067268
SchemeID: 190312007001
99201(4)
 16  34 
 50 
27203(4)
 12  42 
 54 
28205(4)
 17  33 
 50 
27207(4)
 12  45 
 57 
31209(4)
 16  48 
 64 
27211(4)
 15  46 
 61 
27251(1)
 31  38 
 69 
28253(1)
 34  48 
 82 
31255(1)
 31  46 
 77 
27257(1)
 24  40 
 64 
 28 
07314803112
SUKHDEV MATHUR
SID: 190000067269
SchemeID: 190312007001
99201(4)
 15  35 
 50 
27203(4)
 13  37 
 50 
28205(4)
 17  33 
 50 
27207(4)
 16  48 
 64 
31209(4)
 24  45 
 69 
27211(4)
 18  52 
 70 
27251(1)
 26  39 
 65 
28253(1)
 36  48 
 84 
31255(1)
 39  56 
 95 
27257(1)
 33  53 
 86 
 28 
07414803112
VAIBHAV ANAND
SID: 190000067270
SchemeID: 190312007001
99201(4)
 15  29 
50*
27203(4)
 13  38 
 51 
28205(4)
 18  38 
 56 
27207(4)
 12  28 
 40 
31209(4)
 18  33 
 51 
27211(4)
 17  39 
 56 
27251(1)
 34  38 
 72 
28253(1)
 30  49 
 79 
31255(1)
 32  47 
 79 
27257(1)
 28  40 
 68 
 24
07514803112
ANMOL VIRMANI
SID: 190000067271
SchemeID: 190312007001
99201(4)
 18  41 
 59 
27203(4)
 13  37 
 50 
28205(4)
 20  45 
 65 
27207(4)
 16  52 
 68 
31209(4)
 20  45 
 65 
27211(4)
 20  30 
 50 
27251(1)
 28  35 
 63 
28253(1)
 38  51 
 89 
31255(1)
 34  50 
 84 
27257(1)
 30  50 
 80 
 28 
07614803112
AMAN BAREJA
SID: 190000067272
SchemeID: 190312007001
99201(4)
 16  40 
 56 
27203(4)
 16  36 
 52 
28205(4)
 20  51 
 71 
27207(4)
 20  42 
 62 
31209(4)
 20  50 
 70 
27211(4)
 18  41 
 59 
27251(1)
 30  46 
 76 
28253(1)
 33  51 
 84 
31255(1)
 35  50 
 85 
27257(1)
 31  52 
 83 
 28 
07814803112
TEJESHWAR SINGH
SID: 190000067274
SchemeID: 190312007001
99201(4)
 22  31 
 53 
27203(4)
 18  51 
 69 
28205(4)
 21  47 
 68 
27207(4)
 21  55 
 76 
31209(4)
 24  56 
 80 
27211(4)
 20  46 
 66 
27251(1)
 33  49 
 82 
28253(1)
 32  52 
 84 
31255(1)
 36  51 
 87 
27257(1)
 31  55 
 86 
 28 
07914803112
DEEPAK GOYAL
SID: 190000067275
SchemeID: 190312007001
99201(4)
 17  33 
 50 
27203(4)
 19  46 
 65 
28205(4)
 21  55 
 76 
27207(4)
 17  57 
 74 
31209(4)
 22  51 
 73 
27211(4)
 22  54 
 76 
27251(1)
 31  36 
 67 
28253(1)
 34  52 
 86 
31255(1)
 33  49 
 82 
27257(1)
 28  46 
 74 
 28 
08014803112
LAKSHAYA SOOD
SID: 190000067276
SchemeID: 190312007001
99201(4)
 18  32 
 50 
27203(4)
 14  36 
 50 
28205(4)
 18  48 
 66 
27207(4)
 13  40 
 53 
31209(4)
 24  63 
 87 
27211(4)
 18  47 
 65 
27251(1)
 26  44 
 70 
28253(1)
 30  51 
 81 
31255(1)
 35  53 
 88 
27257(1)
 27  43 
 70 
 28 
08114803112
RISHAV KUMAR
SID: 190000067277
SchemeID: 190312007001
99201(4)
 15  35 
 50 
27203(4)
 18  35 
 53 
28205(4)
 14  43 
 57 
27207(4)
 15  45 
 60 
31209(4)
 22  62 
 84 
27211(4)
 17  56 
 73 
27251(1)
 30  46 
 76 
28253(1)
 33  44 
 77 
31255(1)
 33  52 
 85 
27257(1)
 28  49 
 77 
 28 
08314803112
AKSHANSH
SID: 190000067279
SchemeID: 190312007001
99201(4)
 17  49 
 66 
27203(4)
 14  59 
 73 
28205(4)
 15  70 
 85 
27207(4)
 15  62 
 77 
31209(4)
 22  52 
 74 
27211(4)
 20  57 
 77 
27251(1)
 36  45 
 81 
28253(1)
 34  45 
 79 
31255(1)
 35  51 
 86 
27257(1)
 31  54 
 85 
 28 
08414803112
RAHUL YADAV
SID: 190000067280
SchemeID: 190312007001
99201(4)
 17  33 
 50 
27203(4)
 14  46 
 60 
28205(4)
 20  66 
 86 
27207(4)
 14  36 
 50 
31209(4)
 23  51 
 74 
27211(4)
 21  45 
 66 
27251(1)
 26  47 
 73 
28253(1)
 25  51 
 76 
31255(1)
 32  47 
 79 
27257(1)
 25  45 
 70 
 28 
08514803112
ADITYA BAJAJ
SID: 190000067281
SchemeID: 190312007001
99201(4)
 16  34 
 50 
27203(4)
 14  49 
 63 
28205(4)
 18  41 
 59 
27207(4)
 14  53 
 67 
31209(4)
 21  49 
 70 
27211(4)
 19  50 
 69 
27251(1)
 26  46 
 72 
28253(1)
 30  49 
 79 
31255(1)
 32  46 
 78 
27257(1)
 25  42 
 67 
 28 
08614803112
ROHAN GARG
SID: 190000067282
SchemeID: 190312007001
99201(4)
 19  31 
 50 
27203(4)
 18  46 
 64 
28205(4)
 19  52 
 71 
27207(4)
 20  47 
 67 
31209(4)
 24  60 
 84 
27211(4)
 23  67 
 90 
27251(1)
 33  50 
 83 
28253(1)
 33  50 
 83 
31255(1)
 37  54 
 91 
27257(1)
 34  57 
 91 
 28
08714803112
ANUJ NIJHAWAN
SID: 190000067283
SchemeID: 190312007001
99201(4)
 19  31 
 50 
27203(4)
 17  33 
 50 
28205(4)
 20  38 
 58 
27207(4)
 19  31 
 50 
31209(4)
 20  47 
 67 
27211(4)
 22  41 
 63 
27251(1)
 26  41 
 67 
28253(1)
 33  51 
 84 
31255(1)
 34  50 
 84 
27257(1)
 31  56 
 87 
 28 
08814803112
UMANG HANS
SID: 190000067284
SchemeID: 190312007001
99201(4)
 19  32 
 51 
27203(4)
 14  62 
 76 
28205(4)
 21  55 
 76 
27207(4)
 21  51 
 72 
31209(4)
 22  48 
 70 
27211(4)
 23  60 
 83 
27251(1)
 26  44 
 70 
28253(1)
 31  52 
 83 
31255(1)
 34  51 
 85 
27257(1)
 30  55 
 85 
 28 
08914803112
DEEPAK KAPOOR
SID: 190000067285
SchemeID: 190312007001
99201(4)
 15  50 
 65 
27203(4)
 14  38 
 52 
28205(4)
 13  37 
 50 
27207(4)
 15  39 
 54 
31209(4)
 19  52 
 71 
27211(4)
 17  27 
50*
27251(1)
 31  38 
 69 
28253(1)
 28  43 
 71 
31255(1)
 26  38 
 64 
27257(1)
 24  48 
 72 
 28 
09014803112
RAHUL GARG
SID: 190000067286
SchemeID: 190312007001
99201(4)
 17  33 
 50 
27203(4)
 13  56 
 69 
28205(4)
 14  58 
 72 
27207(4)
 13  40 
 53 
31209(4)
 25  54 
 79 
27211(4)
 22  39 
 61 
27251(1)
 33  46 
 79 
28253(1)
 36  44 
 80 
31255(1)
 39  56 
 95 
27257(1)
 34  56 
 90 
 28 
09114803112
ROHAN SHEKU
SID: 190000067287
SchemeID: 190312007001
99201(4)
 20  37 
 57 
27203(4)
 14  36 
 50 
28205(4)
 18  48 
 66 
27207(4)
 13  51 
 64 
31209(4)
 21  55 
 76 
27211(4)
 22  55 
 77 
27251(1)
 39  39 
 78 
28253(1)
 38  49 
 87 
31255(1)
 38  53 
 91 
27257(1)
 31  50 
 81 
 28 
09214803112
NIPUN GARG
SID: 190000067288
SchemeID: 190312007001
99201(4)
 21  41 
 62 
27203(4)
 18  44 
 62 
28205(4)
 21  49 
 70 
27207(4)
 25  55 
 80 
31209(4)
 25  53 
 78 
27211(4)
 25  48 
 73 
27251(1)
 39  55 
 94 
28253(1)
 37  50 
 87 
31255(1)
 39  56 
 95 
27257(1)
 38  58 
 96 
 28 
09314803112
VISHAL PANDEY
SID: 190000067289
SchemeID: 190312007001
99201(4)
 17  52 
 69 
27203(4)
 15  54 
 69 
28205(4)
 18  46 
 64 
27207(4)
 17  53 
 70 
31209(4)
 22  51 
 73 
27211(4)
 19  53 
 72 
27251(1)
 39  55 
 94 
28253(1)
 35  49 
 84 
31255(1)
 38  54 
 92 
27257(1)
 34  57 
 91 
 28 
09414803112
PURTI
SID: 190000067290
SchemeID: 190312007001
99201(4)
 23  31 
 54 
27203(4)
 18  55 
 73 
28205(4)
 20  54 
 74 
27207(4)
 18  34 
 52 
31209(4)
 22  42 
 64 
27211(4)
 22  50 
 72 
27251(1)
 34  56 
 90 
28253(1)
 37  50 
 87 
31255(1)
 38  54 
 92 
27257(1)
 34  57 
 91 
 28 
09514803112
VIBHOR SEHGAL
SID: 190000067291
SchemeID: 190312007001
99201(4)
 24  43 
 67 
27203(4)
 24  52 
 76 
28205(4)
 25  63 
 88 
27207(4)
 24  49 
 73 
31209(4)
 25  61 
 86 
27211(4)
 25  56 
 81 
27251(1)
 39  54 
 93 
28253(1)
 39  54 
 93 
31255(1)
 39  56 
 95 
27257(1)
 37  59 
 96 
 28 
09714803112
AAKASH ROY
SID: 190000067293
SchemeID: 190312007001
99201(4)
 17  33 
 50 
27203(4)
 13  37 
 50 
28205(4)
 13  43 
 56 
27207(4)
 14  40 
 54 
31209(4)
 18  33 
 51 
27211(4)
 18  32 
 50 
27251(1)
 27  50 
 77 
28253(1)
 30  41 
 71 
31255(1)
 35  51 
 86 
27257(1)
 31  50 
 81 
 28
09914803112
ABHISHEK AGGARWAL
SID: 190000067295
SchemeID: 190312007001
99201(4)
 22  42 
 64 
27203(4)
 16  43 
 59 
28205(4)
 14  44 
 58 
27207(4)
 16  40 
 56 
31209(4)
 23  30 
 53 
27211(4)
 20  47 
 67 
27251(1)
 30  45 
 75 
28253(1)
 38  44 
 82 
31255(1)
 38  55 
 93 
27257(1)
 36  55 
 91 
 28 
10014803112
KARAN RAINA
SID: 190000067296
SchemeID: 190312007001
99201(4)
 25  33 
 58 
27203(4)
 18  38 
 56 
28205(4)
 23  49 
 72 
27207(4)
 25  58 
 83 
31209(4)
 25  48 
 73 
27211(4)
 24  45 
 69 
27251(1)
 38  48 
 86 
28253(1)
 35  52 
 87 
31255(1)
 39  57 
 96 
27257(1)
 38  59 
 97 
 28 
10114803112
LOKESH TUTEJA
SID: 190000067297
SchemeID: 190312007001
99201(4)
 17  34 
 51 
27203(4)
 13  54 
 67 
28205(4)
 19  37 
 56 
27207(4)
 15  32 
50*
31209(4)
 20  46 
 66 
27211(4)
 22  46 
 68 
27251(1)
 34  47 
 81 
28253(1)
 35  50 
 85 
31255(1)
 36  54 
 90 
27257(1)
 32  57 
 89 
 28 
10214803112
NIKHIL TAYAL
SID: 190000067298
SchemeID: 190312007001
99201(4)
 19  31 
 50 
27203(4)
 13  37 
 50 
28205(4)
 13  46 
 59 
27207(4)
 14  51 
 65 
31209(4)
 15  36 
 51 
27211(4)
 18  41 
 59 
27251(1)
 26  40 
 66 
28253(1)
 33  43 
 76 
31255(1)
 31  48 
 79 
27257(1)
 30  50 
 80 
 28 
10314803112
M P NARASIMHAN
SID: 190000067299
SchemeID: 190312007001
99201(4)
 15  34 
50*
27203(4)
 13  35 
50*
28205(4)
 15  35 
 50 
27207(4)
 13  40 
 53 
31209(4)
 19  40 
 59 
27211(4)
 21  49 
 70 
27251(1)
 20  30 
 50 
28253(1)
 30  45 
 75 
31255(1)
 28  45 
 73 
27257(1)
 31  51 
 82 
 28 
10414803112
DEEPTI  KATHURIA
SID: 190000067300
SchemeID: 190312007001
99201(4)
 25  56 
 81 
27203(4)
 19  50 
 69 
28205(4)
 25  66 
 91 
27207(4)
 25  51 
 76 
31209(4)
 25  60 
 85 
27211(4)
 25  50 
 75 
27251(1)
 39  55 
 94 
28253(1)
 38  56 
 94 
31255(1)
 38  56 
 94 
27257(1)
 39  59 
 98 
 28 
10514803112
AMIT GUPTA
SID: 190000067301
SchemeID: 190312007001
99201(4)
 15  31 
50*
27203(4)
 14  36 
 50 
28205(4)
 13  30 
 43 
27207(4)
 12  38 
 50 
31209(4)
 20  40 
 60 
27211(4)
 16  16 
 32 
27251(1)
 30  42 
 72 
28253(1)
 33  42 
 75 
31255(1)
 36  49 
 85 
27257(1)
 29  48 
 77 
 20 
10614803112
VAIBHAV MINOCHA
SID: 190000067302
SchemeID: 190312007001
99201(4)
 15  35 
 50 
27203(4)
 13  42 
 55 
28205(4)
 15  55 
 70 
27207(4)
 16  43 
 59 
31209(4)
 19  45 
 64 
27211(4)
 20  44 
 64 
27251(1)
 23  38 
 61 
28253(1)
 36  45 
 81 
31255(1)
 33  49 
 82 
27257(1)
 31  50 
 81 
 28 
10714803112
SRISHTI SURJAN
SID: 190000067303
SchemeID: 190312007001
99201(4)
 20  30 
 50 
27203(4)
 14  49 
 63 
28205(4)
 19  43 
 62 
27207(4)
 20  56 
 76 
31209(4)
 20  52 
 72 
27211(4)
 19  51 
 70 
27251(1)
 27  43 
 70 
28253(1)
 36  50 
 86 
31255(1)
 33  48 
 81 
27257(1)
 30  49 
 79 
 28 
10814803112
SARTHAK MITTAL
SID: 190000067304
SchemeID: 190312007001
99201(4)
 15  32 
50*
27203(4)
 14  36 
 50 
28205(4)
 13  37 
 50 
27207(4)
 18  35 
 53 
31209(4)
 19  47 
 66 
27211(4)
 19  33 
 52 
27251(1)
 20  38 
 58 
28253(1)
 33  43 
 76 
31255(1)
 34  49 
 83 
27257(1)
 30  52 
 82 
 28
10914803112
PALAK GUPTA
SID: 190000067305
SchemeID: 190312007001
99201(4)
 22  59 
 81 
27203(4)
 20  30 
 50 
28205(4)
 25  60 
 85 
27207(4)
 25  58 
 83 
31209(4)
 25  63 
 88 
27211(4)
 24  60 
 84 
27251(1)
 39  53 
 92 
28253(1)
 39  54 
 93 
31255(1)
 39  56 
 95 
27257(1)
 38  59 
 97 
 28 
11014803112
DEEPAN VERMA
SID: 190000067306
SchemeID: 190312007001
99201(4)
 24  36 
 60 
27203(4)
 14  59 
 73 
28205(4)
 22  47 
 69 
27207(4)
 22  45 
 67 
31209(4)
 20  40 
 60 
27211(4)
 22  55 
 77 
27251(1)
 34  48 
 82 
28253(1)
 38  53 
 91 
31255(1)
 36  54 
 90 
27257(1)
 31  52 
 83 
 28 
11114803112
AMANDEEP SACHDEVA
SID: 190000067307
SchemeID: 190312007001
99201(4)
 17  34 
 51 
27203(4)
 14  45 
 59 
28205(4)
 18  43 
 61 
27207(4)
 19  41 
 60 
31209(4)
 19  39 
 58 
27211(4)
 21  38 
 59 
27251(1)
 33  50 
 83 
28253(1)
 38  49 
 87 
31255(1)
 34  50 
 84 
27257(1)
 30  48 
 78 
 28 
11214803112
AKASH JAIN
SID: 190000067308
SchemeID: 190312007001
99201(4)
 25  47 
 72 
27203(4)
 20  48 
 68 
28205(4)
 20  64 
 84 
27207(4)
 25  48 
 73 
31209(4)
 21  61 
 82 
27211(4)
 24  45 
 69 
27251(1)
 36  49 
 85 
28253(1)
 38  51 
 89 
31255(1)
 35  49 
 84 
27257(1)
 38  54 
 92 
 28 
11314803112
JYOTMAN SINGH
SID: 190000067309
SchemeID: 190312007001
99201(4)
 15  35 
 50 
27203(4)
 13  43 
 56 
28205(4)
 14  36 
 50 
27207(4)
 14  36 
 50 
31209(4)
 19  46 
 65 
27211(4)
 18  32 
 50 
27251(1)
 37  52 
 89 
28253(1)
 34  44 
 78 
31255(1)
 34  49 
 83 
27257(1)
 30  50 
 80 
 28 
11414803112
GEETANSH JAIN
SID: 190000067310
SchemeID: 190312007001
99201(4)
 22  48 
 70 
27203(4)
 21  57 
 78 
28205(4)
 24  44 
 68 
27207(4)
 23  53 
 76 
31209(4)
 25  54 
 79 
27211(4)
 23  55 
 78 
27251(1)
 34  48 
 82 
28253(1)
 39  53 
 92 
31255(1)
 38  56 
 94 
27257(1)
 37  58 
 95 
 28 
11514803112
BARUN SHARMA
SID: 190000067311
SchemeID: 190312007001
99201(4)
 16  34 
 50 
27203(4)
 16  41 
 57 
28205(4)
 20  30 
 50 
27207(4)
 18  37 
 55 
31209(4)
 19  50 
 69 
27211(4)
 18  33 
 51 
27251(1)
 20  51 
 71 
28253(1)
 29  49 
 78 
31255(1)
 34  50 
 84 
27257(1)
 35  53 
 88 
 28 
11614803112
AYUSH LALCHANDANI
SID: 190000067312
SchemeID: 190312007001
99201(4)
 15  35 
 50 
27203(4)
 14  36 
 50 
28205(4)
 15  58 
 73 
27207(4)
 22  48 
 70 
31209(4)
 22  41 
 63 
27211(4)
 22  37 
 59 
27251(1)
 25  37 
 62 
28253(1)
 33  45 
 78 
31255(1)
 33  48 
 81 
27257(1)
 28  51 
 79 
 28 
11714803112
ABHISHEK BHARDWAJ
SID: 190000067313
SchemeID: 190312007001
99201(4)
 22  50 
 72 
27203(4)
 19  58 
 77 
28205(4)
 22  60 
 82 
27207(4)
 22  54 
 76 
31209(4)
 22  50 
 72 
27211(4)
 24  56 
 80 
27251(1)
 34  52 
 86 
28253(1)
 37  46 
 83 
31255(1)
 36  49 
 85 
27257(1)
 38  55 
 93 
 28 
11814803112
HITESHI CHOWDHARY
SID: 190000067314
SchemeID: 190312007001
99201(4)
 17  48 
 65 
27203(4)
 14  42 
 56 
28205(4)
 20  52 
 72 
27207(4)
 23  56 
 79 
31209(4)
 21  60 
 81 
27211(4)
 23  50 
 73 
27251(1)
 36  48 
 84 
28253(1)
 38  48 
 86 
31255(1)
 35  52 
 87 
27257(1)
 29  52 
 81 
 28
11914803112
ANSHUL GOEL
SID: 190000067315
SchemeID: 190312007001
99201(4)
 18  36 
 54 
27203(4)
 18  40 
 58 
28205(4)
 22  57 
 79 
27207(4)
 21  39 
 60 
31209(4)
 22  42 
 64 
27211(4)
 23  42 
 65 
27251(1)
 34  50 
 84 
28253(1)
 37  51 
 88 
31255(1)
 36  47 
 83 
27257(1)
 36  51 
 87 
 28 
12014803112
SHANTANU KWATRA
SID: 190000067316
SchemeID: 190312007001
99201(4)
 15  27 
 42 
27203(4)
 14  41 
 55 
28205(4)
 16  38 
 54 
27207(4)
 18  41 
 59 
31209(4)
 24  60 
 84 
27211(4)
 23  52 
 75 
27251(1)
 36  49 
 85 
28253(1)
 35  45 
 80 
31255(1)
 33  52 
 85 
27257(1)
 32  51 
 83 
 24 
12114803112
MAYANK LAMBA
SID: 190000067317
SchemeID: 190312007001
99201(4)
 15  35 
 50 
27203(4)
 13  42 
 55 
28205(4)
 16  39 
 55 
27207(4)
 18  41 
 59 
31209(4)
 21  52 
 73 
27211(4)
 22  41 
 63 
27251(1)
 30  35 
 65 
28253(1)
 34  46 
 80 
31255(1)
 36  51 
 87 
27257(1)
 32  50 
 82 
 28 
12214803112
RAHUL JAIN
SID: 190000067318
SchemeID: 190312007001
99201(4)
 24  30 
 54 
27203(4)
 20  42 
 62 
28205(4)
 25  56 
 81 
27207(4)
 23  57 
 80 
31209(4)
 25  54 
 79 
27211(4)
 25  53 
 78 
27251(1)
 39  40 
 79 
28253(1)
 39  54 
 93 
31255(1)
 38  48 
 86 
27257(1)
 37  55 
 92 
 28 
12314803112
PREETI
SID: 190000067319
SchemeID: 190312007001
99201(4)
 25  31 
 56 
27203(4)
 22  46 
 68 
28205(4)
 25  65 
 90 
27207(4)
 23  51 
 74 
31209(4)
 24  56 
 80 
27211(4)
 22  64 
 86 
27251(1)
 39  56 
 95 
28253(1)
 39  54 
 93 
31255(1)
 38  51 
 89 
27257(1)
 36  53 
 89 
 28 
12414803112
ANKUSH GARG
SID: 190000067320
SchemeID: 190312007001
99201(4)
 16  28 
50*
27203(4)
 15  35 
 50 
28205(4)
 20  47 
 67 
27207(4)
 18  37 
 55 
31209(4)
 22  55 
 77 
27211(4)
 21  43 
 64 
27251(1)
 31  42 
 73 
28253(1)
 28  51 
 79 
31255(1)
 35  52 
 87 
27257(1)
 33  52 
 85 
 28 
12514803112
MANIK CHAWLA
SID: 190000067321
SchemeID: 190312007001
99201(4)
 16  34 
 50 
27203(4)
 15  35 
 50 
28205(4)
 18  32 
 50 
27207(4)
 17  33 
 50 
31209(4)
 21  55 
 76 
27211(4)
 22  33 
 55 
27251(1)
 34  35 
 69 
28253(1)
 35  48 
 83 
31255(1)
 33  48 
 81 
27257(1)
 30  56 
 86 
 28 
12614803112
ASHISH GOEL
SID: 190000067322
SchemeID: 190312007001
99201(4)
 17  33 
 50 
27203(4)
 17  38 
 55 
28205(4)
 20  33 
 53 
27207(4)
 22  40 
 62 
31209(4)
 22  44 
 66 
27211(4)
 20  45 
 65 
27251(1)
 35  50 
 85 
28253(1)
 31  46 
 77 
31255(1)
 36  50 
 86 
27257(1)
 32  56 
 88 
 28 
12714803112
SANYA SAHNI
SID: 190000067323
SchemeID: 190312007001
99201(4)
 22  40 
 62 
27203(4)
 20  49 
 69 
28205(4)
 23  41 
 64 
27207(4)
 21  54 
 75 
31209(4)
 21  60 
 81 
27211(4)
 21  45 
 66 
27251(1)
 23  40 
 63 
28253(1)
 27  53 
 80 
31255(1)
 35  52 
 87 
27257(1)
 32  53 
 85 
 28 
12814803112
SHARAD DARGAN
SID: 190000067324
SchemeID: 190312007001
99201(4)
 24  48 
 72 
27203(4)
 22  41 
 63 
28205(4)
 25  60 
 85 
27207(4)
 25  58 
 83 
31209(4)
 23  61 
 84 
27211(4)
 25  43 
 68 
27251(1)
 38  56 
 94 
28253(1)
 38  53 
 91 
31255(1)
 38  54 
 92 
27257(1)
 38  54 
 92 
 28
12914803112
SHASHANK JOSHI
SID: 190000067325
SchemeID: 190312007001
99201(4)
 24  65 
 89 
27203(4)
 25  65 
 90 
28205(4)
 25  72 
 97 
27207(4)
 25  50 
 75 
31209(4)
 22  56 
 78 
27211(4)
 25  66 
 91 
27251(1)
 38  56 
 94 
28253(1)
 33  53 
 86 
31255(1)
 36  54 
 90 
27257(1)
 38  59 
 97 
 28 
13014803112
NITIKA MALHOTRA
SID: 190000067326
SchemeID: 190312007001
99201(4)
 25  50 
 75 
27203(4)
 23  49 
 72 
28205(4)
 25  45 
 70 
27207(4)
 22  48 
 70 
31209(4)
 23  58 
 81 
27211(4)
 24  60 
 84 
27251(1)
 36  58 
 94 
28253(1)
 35  52 
 87 
31255(1)
 38  49 
 87 
27257(1)
 32  56 
 88 
 28 
13314803112
YASH AGGARWAL
SID: 190000067329
SchemeID: 190312007001
99201(4)
 20  30 
 50 
27203(4)
 18  43 
 61 
28205(4)
 25  54 
 79 
27207(4)
 22  45 
 67 
31209(4)
 20  46 
 66 
27211(4)
 24  47 
 71 
27251(1)
 32  40 
 72 
28253(1)
 32  55 
 87 
31255(1)
 32  50 
 82 
27257(1)
 36  55 
 91 
 28 
13414803112
VINEET SINGH
SID: 190000067330
SchemeID: 190312007001
99201(4)
 20  30 
 50 
27203(4)
 15  35 
 50 
28205(4)
 18  34 
 52 
27207(4)
 17  45 
 62 
31209(4)
 21  56 
 77 
27211(4)
 21  50 
 71 
27251(1)
 29  40 
 69 
28253(1)
 31  51 
 82 
31255(1)
 32  49 
 81 
27257(1)
 30  47 
 77 
 28 
13514803112
DHRUV SHARMA
SID: 190000067331
SchemeID: 190312007001
99201(4)
 24  53 
 77 
27203(4)
 25  47 
 72 
28205(4)
 25  57 
 82 
27207(4)
 25  39 
 64 
31209(4)
 25  55 
 80 
27211(4)
 25  57 
 82 
27251(1)
 38  50 
 88 
28253(1)
 39  54 
 93 
31255(1)
 39  53 
 92 
27257(1)
 39  59 
 98 
 28 
13614803112
ABHISHEK JINDAL
SID: 190000067332
SchemeID: 190312007001
99201(4)
 15  35 
 50 
27203(4)
 14  48 
 62 
28205(4)
 19  35 
 54 
27207(4)
 17  39 
 56 
31209(4)
 18  58 
 76 
27211(4)
 21  44 
 65 
27251(1)
 38  53 
 91 
28253(1)
 28  50 
 78 
31255(1)
 34  52 
 86 
27257(1)
 36  49 
 85 
 28 
13714803112
VINAY BHARDWAJ
SID: 190000067333
SchemeID: 190312007001
99201(4)
 20  49 
 69 
27203(4)
 18  51 
 69 
28205(4)
 25  54 
 79 
27207(4)
 25  36 
 61 
31209(4)
 23  57 
 80 
27211(4)
 24  43 
 67 
27251(1)
 32  48 
 80 
28253(1)
 29  56 
 85 
31255(1)
 34  49 
 83 
27257(1)
 32  54 
 86 
 28 
13814803112
HARSHITA LAV
SID: 190000066744
SchemeID: 190312007001
99201(4)
 21  46 
 67 
27203(4)
 18  49 
 67 
28205(4)
 25  57 
 82 
27207(4)
 17  46 
 63 
31209(4)
 17  61 
 78 
27211(4)
 18  65 
 83 
27251(1)
 36  55 
 91 
28253(1)
 28  56 
 84 
31255(1)
 28  48 
 76 
27257(1)
 34  50 
 84 
 28 
14014803112
SWAPNIL AHUJA
SID: 190000066746
SchemeID: 190312007001
99201(4)
 25  68 
 93 
27203(4)
 24  59 
 83 
28205(4)
 25  60 
 85 
27207(4)
 25  46 
 71 
31209(4)
 23  59 
 82 
27211(4)
 22  62 
 84 
27251(1)
 36  40 
 76 
28253(1)
 38  53 
 91 
31255(1)
 38  53 
 91 
27257(1)
 37  48 
 85 
 28 
14114803112
CHIRAG KHATRI
SID: 190000066747
SchemeID: 190312007001
99201(4)
 16  34 
 50 
27203(4)
 18  51 
 69 
28205(4)
 23  57 
 80 
27207(4)
 20  59 
 79 
31209(4)
 23  61 
 84 
27211(4)
 21  46 
 67 
27251(1)
 37  48 
 85 
28253(1)
 29  52 
 81 
31255(1)
 35  54 
 89 
27257(1)
 37  52 
 89 
 28
14214803112
AYUSH SINGHAL
SID: 190000066748
SchemeID: 190312007001
99201(4)
 17  61 
 78 
27203(4)
 18  50 
 68 
28205(4)
 25  55 
 80 
27207(4)
 22  46 
 68 
31209(4)
 22  52 
 74 
27211(4)
 21  59 
 80 
27251(1)
 38  57 
 95 
28253(1)
 32  53 
 85 
31255(1)
 37  54 
 91 
27257(1)
 35  56 
 91 
 28 
14314803112
SHUBHAM GUPTA
SID: 190000066749
SchemeID: 190312007001
99201(4)
 18  32 
 50 
27203(4)
 19  39 
 58 
28205(4)
 19  57 
 76 
27207(4)
 16  34 
 50 
31209(4)
 22  38 
 60 
27211(4)
 24  34 
 58 
27251(1)
 39  45 
 84 
28253(1)
 38  51 
 89 
31255(1)
 30  52 
 82 
27257(1)
 31  48 
 79 
 28 
14414803112
ASHWANI KHATRI
SID: 190000066750
SchemeID: 190312007001
99201(4)
 25  40 
 65 
27203(4)
 22  44 
 66 
28205(4)
 25  56 
 81 
27207(4)
 25  56 
 81 
31209(4)
 22  45 
 67 
27211(4)
 25  59 
 84 
27251(1)
 31  38 
 69 
28253(1)
 36  47 
 83 
31255(1)
 35  53 
 88 
27257(1)
 39  55 
 94 
 28 
14514803112
SAMIKSHA LOHIA
SID: 190000066751
SchemeID: 190312007001
99201(4)
 21  35 
 56 
27203(4)
 21  48 
 69 
28205(4)
 23  58 
 81 
27207(4)
 25  43 
 68 
31209(4)
 19  56 
 75 
27211(4)
 25  52 
 77 
27251(1)
 38  55 
 93 
28253(1)
 37  49 
 86 
31255(1)
 32  50 
 82 
27257(1)
 35  59 
 94 
 28 
14614803112
MEGHA RAIZADA
SID: 190000066752
SchemeID: 190312007001
99201(4)
 20  34 
 54 
27203(4)
 15  57 
 72 
28205(4)
 22  69 
 91 
27207(4)
 21  62 
 83 
31209(4)
 21  60 
 81 
27211(4)
 22  54 
 76 
27251(1)
 31  52 
 83 
28253(1)
 34  49 
 83 
31255(1)
 35  53 
 88 
27257(1)
 32  54 
 86 
 28 
14714803112
GAURAV AHUJA
SID: 190000066753
SchemeID: 190312007001
99201(4)
 18  36 
 54 
27203(4)
 14  36 
 50 
28205(4)
 18  44 
 62 
27207(4)
 16  44 
 60 
31209(4)
 16  39 
 55 
27211(4)
 19  39 
 58 
27251(1)
 25  49 
 74 
28253(1)
 25  52 
 77 
31255(1)
 27  40 
 67 
27257(1)
 30  47 
 77 
 28 
14814803112
AASHNA GUPTA
SID: 190000066754
SchemeID: 190312007001
99201(4)
 17  35 
 52 
27203(4)
 13  37 
 50 
28205(4)
 21  46 
 67 
27207(4)
 18  58 
 76 
31209(4)
 21  44 
 65 
27211(4)
 23  44 
 67 
27251(1)
 38  50 
 88 
28253(1)
 30  53 
 83 
31255(1)
 33  53 
 86 
27257(1)
 32  51 
 83 
 28 
14914803112
PRAKUL CHOPRA
SID: 190000066762
SchemeID: 190312007001
99201(4)
 23  57 
 80 
27203(4)
 17  41 
 58 
28205(4)
 25  56 
 81 
27207(4)
 25  51 
 76 
31209(4)
 22  49 
 71 
27211(4)
 25  35 
 60 
27251(1)
 34  52 
 86 
28253(1)
 39  55 
 94 
31255(1)
 35  52 
 87 
27257(1)
 38  59 
 97 
 28 
15014803112
ISHITA JAIN
SID: 190000066761
SchemeID: 190312007001
99201(4)
 18  51 
 69 
27203(4)
 18  42 
 60 
28205(4)
 20  40 
 60 
27207(4)
 20  41 
 61 
31209(4)
 20  54 
 74 
27211(4)
 22  52 
 74 
27251(1)
 38  56 
 94 
28253(1)
 33  54 
 87 
31255(1)
 32  54 
 86 
27257(1)
 34  53 
 87 
 28 
15114803112
SAKSHI PRUTHI
SID: 190000066766
SchemeID: 190312007001
99201(4)
 19  31 
 50 
27203(4)
 17  38 
 55 
28205(4)
 24  53 
 77 
27207(4)
 21  53 
 74 
31209(4)
 20  54 
 74 
27211(4)
 21  46 
 67 
27251(1)
 34  51 
 85 
28253(1)
 30  52 
 82 
31255(1)
 32  54 
 86 
27257(1)
 34  53 
 87 
 28
15214803112
HIMANSHI CHHABRA
SID: 190000066760
SchemeID: 190312007001
99201(4)
 21  47 
 68 
27203(4)
 18  45 
 63 
28205(4)
 22  47 
 69 
27207(4)
 21  62 
 83 
31209(4)
 21  61 
 82 
27211(4)
 21  46 
 67 
27251(1)
 31  56 
 87 
28253(1)
 29  50 
 79 
31255(1)
 32  54 
 86 
27257(1)
 35  52 
 87 
 28 
15314803112
ADITYA KHETARPAL
SID: 190000066758
SchemeID: 190312007001
99201(4)
 17  33 
 50 
27203(4)
 18  45 
 63 
28205(4)
 23  50 
 73 
27207(4)
 15  45 
 60 
31209(4)
 19  54 
 73 
27211(4)
 19  37 
 56 
27251(1)
 30  46 
 76 
28253(1)
 31  50 
 81 
31255(1)
 31  45 
 76 
27257(1)
 35  54 
 89 
 28 
15414803112
ANUJ GUPTA
SID: 190000066759
SchemeID: 190312007001
99201(4)
 19  34 
 53 
27203(4)
 20  47 
 67 
28205(4)
 22  49 
 71 
27207(4)
 19  60 
 79 
31209(4)
 22  51 
 73 
27211(4)
 21  47 
 68 
27251(1)
 36  53 
 89 
28253(1)
 28  52 
 80 
31255(1)
 36  52 
 88 
27257(1)
 35  51 
 86 
 28 
15514803112
VAIBHAV BANSAL
SID: 190000066756
SchemeID: 190312007001
99201(4)
 20  30 
 50 
27203(4)
 20  43 
 63 
28205(4)
 22  28 
 50 
27207(4)
 23  51 
 74 
31209(4)
 23  59 
 82 
27211(4)
 25  53 
 78 
27251(1)
 39  57 
 96 
28253(1)
 38  46 
 84 
31255(1)
 34  50 
 84 
27257(1)
 39  59 
 98 
 28 
15614803112
RAGHAV KALRA
SID: 190000066765
SchemeID: 190312007001
99201(4)
 16  35 
 51 
27203(4)
 14  36 
 50 
28205(4)
 21  48 
 69 
27207(4)
 17  33 
 50 
31209(4)
 23  56 
 79 
27211(4)
 19  57 
 76 
27251(1)
 28  40 
 68 
28253(1)
 26  49 
 75 
31255(1)
 33  50 
 83 
27257(1)
 32  51 
 83 
 28 
15714803112
ROHAN MEHRA
SID: 190000066764
SchemeID: 190312007001
99201(4)
 16  35 
 51 
27203(4)
 18  52 
 70 
28205(4)
 25  39 
 64 
27207(4)
 19  51 
 70 
31209(4)
 23  51 
 74 
27211(4)
 25  49 
 74 
27251(1)
 29  53 
 82 
28253(1)
 34  54 
 88 
31255(1)
 31  49 
 80 
27257(1)
 34  50 
 84 
 28 
15814803112
NIKHIL
SID: 190000066755
SchemeID: 190312007001
99201(4)
 17  33 
 50 
27203(4)
 15  39 
 54 
28205(4)
 23  27 
 50 
27207(4)
 17  37 
 54 
31209(4)
 19  42 
 61 
27211(4)
 19  31 
 50 
27251(1)
 28  40 
 68 
28253(1)
 31  52 
 83 
31255(1)
 36  48 
 84 
27257(1)
 32  48 
 80 
 28 
15914803112
RICHA AGGARWAL
SID: 190000066763
SchemeID: 190312007001
99201(4)
 15  35 
 50 
27203(4)
 14  32 
50*
28205(4)
 20  51 
 71 
27207(4)
 17  42 
 59 
31209(4)
 19  46 
 65 
27211(4)
 21  48 
 69 
27251(1)
 28  42 
 70 
28253(1)
 28  47 
 75 
31255(1)
 31  48 
 79 
27257(1)
 33  50 
 83 
 28 
16014803112
ADITI BANSAL
SID: 190000066757
SchemeID: 190312007001
99201(4)
 21  29 
 50 
27203(4)
 18  40 
 58 
28205(4)
 23  53 
 76 
27207(4)
 22  41 
 63 
31209(4)
 21  49 
 70 
27211(4)
 21  48 
 69 
27251(1)
 33  45 
 78 
28253(1)
 28  52 
 80 
31255(1)
 32  49 
 81 
27257(1)
 32  51 
 83 
 28 
18114803112
NANCY BANSAL
SID: 190000068624
SchemeID: 190312007001
99201(4)
 24  45 
 69 
27203(4)
 22  39 
 61 
28205(4)
 25  25 
 50 
27207(4)
 23  35 
 58 
31209(4)
 21  51 
 72 
27211(4)
 24  33 
 57 
27251(1)
 35  48 
 83 
28253(1)
 36  55 
 91 
31255(1)
 29  48 
 77 
27257(1)
 37  54 
 91 
 28
18214803112
NIKITA SEHGAL
SID: 190000068606
SchemeID: 190312007001
99201(4)
 19  31 
 50 
27203(4)
 18  51 
 69 
28205(4)
 24  55 
 79 
27207(4)
 22  55 
 77 
31209(4)
 22  58 
 80 
27211(4)
 22  47 
 69 
27251(1)
 36  50 
 86 
28253(1)
 32  50 
 82 
31255(1)
 29  52 
 81 
27257(1)
 35  53 
 88 
 28 
18314803112
PRIYANKA JAIN
SID: 190000068625
SchemeID: 190312007001
99201(4)
 19  31 
 50 
27203(4)
 12  39 
 51 
28205(4)
 25  58 
 83 
27207(4)
 19  35 
 54 
31209(4)
 21  56 
 77 
27211(4)
 19  34 
 53 
27251(1)
 28  47 
 75 
28253(1)
 25  52 
 77 
31255(1)
 32  48 
 80 
27257(1)
 32  52 
 84 
 28 
18414803112
ABHINAV KADYAN
SID: 190000068607
SchemeID: 190312007001
99201(4)
 22  52 
 74 
27203(4)
 20  53 
 73 
28205(4)
 25  60 
 85 
27207(4)
 21  54 
 75 
31209(4)
 19  46 
 65 
27211(4)
 19  45 
 64 
27251(1)
 36  48 
 84 
28253(1)
 31  53 
 84 
31255(1)
 35  49 
 84 
27257(1)
 35  52 
 87 
 28 
18514803112
SUMIT KHANNA
SID: 190000068527
SchemeID: 190312007001
99201(4)
 22  54 
 76 
27203(4)
 22  49 
 71 
28205(4)
 24  58 
 82 
27207(4)
 18  59 
 77 
31209(4)
 20  49 
 69 
27211(4)
 21  53 
 74 
27251(1)
 29  45 
 74 
28253(1)
 28  53 
 81 
31255(1)
 32  51 
 83 
27257(1)
 31  51 
 82 
 28 
18614803112
VISHAL KATARIYA
SID: 190000068083
SchemeID: 190312007001
99201(4)
 15  35 
 50 
27203(4)
 15  39 
 54 
28205(4)
 23  40 
 63 
27207(4)
 17  38 
 55 
31209(4)
 21  61 
 82 
27211(4)
 21  32 
 53 
27251(1)
 29  48 
 77 
28253(1)
 28  52 
 80 
31255(1)
 34  49 
 83 
27257(1)
 32  51 
 83 
 28 
18714803112
AKSHITA JAIN
SID: 190000067357
SchemeID: 190312007001
99201(4)
 18  35 
 53 
27203(4)
 18  47 
 65 
28205(4)
 24  61 
 85 
27207(4)
 19  54 
 73 
31209(4)
 25  57 
 82 
27211(4)
 23  49 
 72 
27251(1)
 39  47 
 86 
28253(1)
 33  52 
 85 
31255(1)
 33  50 
 83 
27257(1)
 30  52 
 82 
 28 
18814803112
KUNAL DHINGRA
SID: 190000076888
SchemeID: 190312007004
99201(4)
 18  48 
 66 
27203(4)
 18  41 
 59 
28205(4)
 19  31 
 50 
27207(4)
 19  35 
 54 
31209(4)
 17  58 
 75 
27211(4)
 20  45 
 65 
27251(1)
 29  48 
 77 
28253(1)
 25  49 
 74 
31255(1)
 30  48 
 78 
27257(1)
 33  51 
 84 
 28 
18914803112
PIYUSH GUPTA
SID: 190000067384
SchemeID: 190312007001
99201(4)
 20  37 
 57 
27203(4)
 18  43 
 61 
28205(4)
 20  38 
 58 
27207(4)
 20  49 
 69 
31209(4)
 20  42 
 62 
27211(4)
 20  30 
 50 
27251(1)
 30  47 
 77 
28253(1)
 38  51 
 89 
31255(1)
 33  48 
 81 
27257(1)
 31  51 
 82 
 28 
19014803112
RAHUL KAMLESH JAISWAL
SID: 190000068750
SchemeID: 190312007001
99201(4)
 20  39 
 59 
27203(4)
 19  35 
 54 
28205(4)
 21  44 
 65 
27207(4)
 18  57 
 75 
31209(4)
 18  52 
 70 
27211(4)
 21  57 
 78 
27251(1)
 29  45 
 74 
28253(1)
 25  50 
 75 
31255(1)
 31  46 
 77 
27257(1)
 33  50 
 83 
 28 
19114803112
MADHVI GARG
SID: 190000068751
SchemeID: 190312007001
99201(4)
 20  36 
 56 
27203(4)
 15  35 
 50 
28205(4)
 23  33 
 56 
27207(4)
 17  53 
 70 
31209(4)
 17  44 
 61 
27211(4)
 18  33 
 51 
27251(1)
 32  50 
 82 
28253(1)
 26  50 
 76 
31255(1)
 31  47 
 78 
27257(1)
 32  50 
 82 
 28
19314803112
SIDDHARTH JAIN
SID: 190000068747
SchemeID: 190312007001
99201(4)
 16  46 
 62 
27203(4)
 16  34 
 50 
28205(4)
 23  29 
 52 
27207(4)
 18  43 
 61 
31209(4)
 19  45 
 64 
27211(4)
 23  32 
 55 
27251(1)
 30  38 
 68 
28253(1)
 27  54 
 81 
31255(1)
 29  45 
 74 
27257(1)
 35  50 
 85 
 28 
00114807713
AMAN CHANDERWAL
SID: 190000070674
SchemeID: 190312007002
99201(4)
 17  25 
 42 
27203(4)
 18  42 
 60 
28205(4)
 19  31 
 50 
27207(4)
 16  59 
 75 
31209(4)
 20  52 
 72 
27211(4)
 20  57 
 77 
27251(1)
 30  48 
 78 
28253(1)
 28  51 
 79 
31255(1)
 32  46 
 78 
27257(1)
 31  49 
 80 
 24 
00314807713
ANSHULA GUPTA
SID: 190000070675
SchemeID: 190312007002
99201(4)
 25  47 
 72 
27203(4)
 23  43 
 66 
28205(4)
 25  54 
 79 
27207(4)
 20  58 
 78 
31209(4)
 21  56 
 77 
27211(4)
 25  49 
 74 
27251(1)
 39  52 
 91 
28253(1)
 38  55 
 93 
31255(1)
 36  51 
 87 
27257(1)
 39  59 
 98 
 28 
00414807713
MD TAZIMUL FAIZAN
SID: 190000070676
SchemeID: 190312007002
99201(4)
 15  20 
 35 
27203(4)
 14  33 
50*
28205(4)
 18  32 
 50 
27207(4)
 16  34 
 50 
31209(4)
 18  41 
 59 
27211(4)
 21  29 
 50 
27251(1)
 28  45 
 73 
28253(1)
 22  45 
 67 
31255(1)
 29  44 
 73 
27257(1)
 31  50 
 81 
 24 
00514807713
HIMANSHU TYAGI
SID: 190000070677
SchemeID: 190312007002
99201(4)
 15  20 
 35 
27203(4)
 17  33 
 50 
28205(4)
 5 A
A
27207(4)
 16  29 
50*
31209(4)
 19  60 
 79 
27211(4)
 14  48 
 62 
27251(1)
 28  48 
 76 
28253(1)
 24  45 
 69 
31255(1)
 31  43 
 74 
27257(1)
 30  50 
 80 
 20 
00614807713
TRIBHUWAN
SID: 190000070678
SchemeID: 190312007002
99201(4)
 16  34 
 50 
27203(4)
 18  34 
 52 
28205(4)
 21  37 
 58 
27207(4)
 16  45 
 61 
31209(4)
 18  49 
 67 
27211(4)
 19  31 
 50 
27251(1)
 32  40 
 72 
28253(1)
 28  45 
 73 
31255(1)
 30  42 
 72 
27257(1)
 32  52 
 84 
 28 
00714807713
RAJESH
SID: 190000070679
SchemeID: 190312007002
99201(4)
 19  31 
 50 
27203(4)
 18  32 
 50 
28205(4)
 21  29 
 50 
27207(4)
 17  59 
 76 
31209(4)
 18  47 
 65 
27211(4)
 24  43 
 67 
27251(1)
 29  45 
 74 
28253(1)
 28  49 
 77 
31255(1)
 33  44 
 77 
27257(1)
 36  54 
 90 
 28 
00814807713
ANURADHA SINGH
SID: 190000070680
SchemeID: 190312007002
99201(4)
 19  31 
 50 
27203(4)
 17  36 
 53 
28205(4)
 19  31 
 50 
27207(4)
 18  36 
 54 
31209(4)
 17  45 
 62 
27211(4)
 20  43 
 63 
27251(1)
 29  49 
 78 
28253(1)
 31  52 
 83 
31255(1)
 33  46 
 79 
27257(1)
 36  51 
 87 
 28 
00914807713
GULZAR AHMAD SIDDIQUI
SID: 190000070681
SchemeID: 190312007002
99201(4)
 17  37 
 54 
27203(4)
 17  35 
 52 
28205(4)
 20  33 
 53 
27207(4)
 16  41 
 57 
31209(4)
 16  44 
 60 
27211(4)
 18  31 
50*
27251(1)
 29  38 
 67 
28253(1)
 29  48 
 77 
31255(1)
 29  41 
 70 
27257(1)
 32  50 
 82 
 28 
01014807713
HARDIK KAPOOR
SID: 190000070682
SchemeID: 190312007002
99201(4)
 21  30 
 51 
27203(4)
 18  34 
 52 
28205(4)
 22  46 
 68 
27207(4)
 20  36 
 56 
31209(4)
 20  55 
 75 
27211(4)
 25  50 
 75 
27251(1)
 30  38 
 68 
28253(1)
 38  50 
 88 
31255(1)
 37  50 
 87 
27257(1)
 38  59 
 97 
 28
01114807713
NAVEEN KUMAR KUSHWAHA
SID: 190000070683
SchemeID: 190312007002
99201(4)
 15  28 
 43 
27203(4)
 17  37 
 54 
28205(4)
 18  37 
 55 
27207(4)
 16  45 
 61 
31209(4)
 15  29 
50*
27211(4)
 20  30 
 50 
27251(1)
 29  45 
 74 
28253(1)
 25  47 
 72 
31255(1)
 30  45 
 75 
27257(1)
 33  50 
 83 
 24 
01214807713
MOHIT SINGHMAR
SID: 190000070684
SchemeID: 190312007002
99201(4)
 15  35 
 50 
27203(4)
 14  36 
 50 
28205(4)
 15  35 
 50 
27207(4)
 15  48 
 63 
31209(4)
 16  40 
 56 
27211(4)
 18  45 
 63 
27251(1)
 29  48 
 77 
28253(1)
 24  43 
 67 
31255(1)
 30  44 
 74 
27257(1)
 34  50 
 84 
 28 
01314807713
SRISHTI TYAGI
SID: 190000070685
SchemeID: 190312007002
99201(4)
 20  30 
 50 
27203(4)
 14  38 
 52 
28205(4)
 22  30 
 52 
27207(4)
 16  45 
 61 
31209(4)
 17  50 
 67 
27211(4)
 23  51 
 74 
27251(1)
 28  48 
 76 
28253(1)
 22  50 
 72 
31255(1)
 33  48 
 81 
27257(1)
 32  50 
 82 
 28 