02114803112
SUMAN SAURABH
SID: 190000067240
SchemeID: 190312007001
99102(4)
 17  70 
 87 
99104(3)
 17  71 
 88 
99106(3)
 17  35 
 52 
27108(3)
 20  58 
 78 
36110(3)
 18  55 
 73 
28112(3)
 13  71 
 84 
99114(3)
 20  45 
 65 
99152(1)
 32  50 
 82 
99154(1)
 32  48 
 80 
27156(1)
 32  48 
 80 
36158(2)
 29  56 
 85 
28160(1)
 32  52 
 84 
 28 
02214803112
VISHAL GUPTA
SID: 190000067241
SchemeID: 190312007001
99102(4)
 19  71 
 90 
99104(3)
 18  65 
 83 
99106(3)
 13  59 
 72 
27108(3)
 18  55 
 73 
36110(3)
 15  54 
 69 
28112(3)
 13  62 
 75 
99114(3)
 13  51 
 64 
99152(1)
 31  53 
 84 
99154(1)
 29  46 
 75 
27156(1)
 35  52 
 87 
36158(2)
 27  52 
 79 
28160(1)
 27  53 
 80 
 28 
02614803112
APOORV SHANKAR
SID: 190000067242
SchemeID: 190312007001
99102(4)
 13  47 
 60 
99104(3)
 9  51 
 60 
99106(3)
 17  48 
 65 
27108(3)
 9  53 
 62 
36110(3)
 7  47 
 54 
28112(3)
 9  42 
 51 
99114(3)
 20  48 
 68 
99152(1)
 25  55 
 80 
99154(1)
 29  47 
 76 
27156(1)
 34  50 
 84 
36158(2)
 24  50 
 74 
28160(1)
 30  50 
 80 
 28 
02814803112
ANIRUDH AGARWAL
SID: 190000067243
SchemeID: 190312007001
99102(4)
 13  40 
 53 
99104(3)
 13  59 
 72 
99106(3)
 20  46 
 66 
27108(3)
 17  58 
 75 
36110(3)
 15  52 
 67 
28112(3)
 20  50 
 70 
99114(3)
 15  54 
 69 
99152(1)
 35  44 
 79 
99154(1)
 35  47 
 82 
27156(1)
 34  49 
 83 
36158(2)
 33  47 
 80 
28160(1)
 32  47 
 79 
 28 
03814803112
ABHINAV SINGAL
SID: 190000067244
SchemeID: 190312007001
99102(4)
 16  54 
 70 
99104(3)
 17  64 
 81 
99106(3)
 22  51 
 73 
27108(3)
 18  55 
 73 
36110(3)
 15  50 
 65 
28112(3)
 20  58 
 78 
99114(3)
 14  61 
 75 
99152(1)
 31  53 
 84 
99154(1)
 36  55 
 91 
27156(1)
 30  51 
 81 
36158(2)
 30  54 
 84 
28160(1)
 31  51 
 82 
 28 
04514803112
JYOTI
SID: 190000067245
SchemeID: 190312007001
99102(4)
 13  29 
 42 
99104(3)
 13  58 
 71 
99106(3)
 19  48 
 67 
27108(3)
 13  55 
 68 
36110(3)
 10  34 
50*
28112(3)
 14  47 
 61 
99114(3)
 21  53 
 74 
99152(1)
 31  45 
 76 
99154(1)
 32  53 
 85 
27156(1)
 32  50 
 82 
36158(2)
 26  47 
 73 
28160(1)
 31  53 
 84 
 24 
04914803112
SANDEEP KUMAR
SID: 190000067246
SchemeID: 190312007001
99102(4)
 11  16 
 27 
99104(3)
 4  40 
 44 
99106(3)
 19  44 
 63 
27108(3)
 8  34 
 42 
36110(3)
 12  42 
 54 
28112(3)
 9  37 
50*
99114(3)
 13  51 
 64 
99152(1)
 21  49 
 70 
99154(1)
 31  54 
 85 
27156(1)
 28  45 
 73 
36158(2)
 21  54 
 75 
28160(1)
 28  44 
 72 
 18 
05014803112
SAMEER
SID: 190000067247
SchemeID: 190312007001
99102(4)
 20  60 
 80 
99104(3)
 24  54 
 78 
99106(3)
 19  51 
 70 
27108(3)
 23  56 
 79 
36110(3)
 16  46 
 62 
28112(3)
 18  51 
 69 
99114(3)
 20  44 
 64 
99152(1)
 39  49 
 88 
99154(1)
 35  51 
 86 
27156(1)
 37  55 
 92 
36158(2)
 31  49 
 80 
28160(1)
 33  44 
 77 
 28 
05114803112
AJAY KRISHAN
SID: 190000067248
SchemeID: 190312007001
99102(4)
 18  61 
 79 
99104(3)
 20  50 
 70 
99106(3)
 24  62 
 86 
27108(3)
 25  59 
 84 
36110(3)
 10  50 
 60 
28112(3)
 23  62 
 85 
99114(3)
 16  59 
 75 
99152(1)
 32  47 
 79 
99154(1)
 31  49 
 80 
27156(1)
 36  53 
 89 
36158(2)
 30  55 
 85 
28160(1)
 33  47 
 80 
 28 
05214803112
POONAM BHALIYAN
SID: 190000067249
SchemeID: 190312007001
99102(4)
 23  65 
 88 
99104(3)
 17  72 
 89 
99106(3)
 22  54 
 76 
27108(3)
 21  62 
 83 
36110(3)
 17  54 
 71 
28112(3)
 14  50 
 64 
99114(3)
 22  48 
 70 
99152(1)
 33  42 
 75 
99154(1)
 36  54 
 90 
27156(1)
 36  48 
 84 
36158(2)
 30  48 
 78 
28160(1)
 34  50 
 84 
 28 
05414803112
NAVEEN
SID: 190000067250
SchemeID: 190312007001
99102(4)
 13  25 
 38 
99104(3)
 9  23 
 32 
99106(3)
 18  32 
 50 
27108(3)
 15  26 
 41 
36110(3)
 15  29 
 44 
28112(3)
 13  26 
 39 
99114(3)
 13  32 
50*
99152(1)
 23  35 
 58 
99154(1)
 31  48 
 79 
27156(1)
 32  45 
 77 
36158(2)
 29  47 
 76 
28160(1)
 32  45 
 77 
 12 
05514803112
ANKITA ANAND
SID: 190000067251
SchemeID: 190312007001
99102(4)
 13  16 
 29 
99104(3)
 13  35 
50*
99106(3)
 17  50 
 67 
27108(3)
 13  27 
 40 
36110(3)
 13  38 
 51 
28112(3)
 13  25 
 38 
99114(3)
 10  51 
 61 
99152(1)
 30  37 
 67 
99154(1)
 33  50 
 83 
27156(1)
 36  47 
 83 
36158(2)
 26  48 
 74 
28160(1)
 24  51 
 75 
 18 
05714803112
B V S SRINIVAS
SID: 190000067253
SchemeID: 190312007001
99102(4)
 14  32 
50*
99104(3)
 7  33 
 40 
99106(3)
 19  43 
 62 
27108(3)
 11  38 
50*
36110(3)
 13  40 
 53 
28112(3)
 16  26 
 42 
99114(3)
 13  40 
 53 
99152(1)
 31  37 
 68 
99154(1)
 32  49 
 81 
27156(1)
 30  45 
 75 
36158(2)
 21  52 
 73 
28160(1)
 30  46 
 76 
 22 
05814803112
ANKIT KUMAR SINGH
SID: 190000067254
SchemeID: 190312007001
99102(4)
 14  27 
 41 
99104(3)
 11  51 
 62 
99106(3)
 18  51 
 69 
27108(3)
 20  48 
 68 
36110(3)
 16  32 
50*
28112(3)
 16  37 
 53 
99114(3)
 20  51 
 71 
99152(1)
 33  43 
 76 
99154(1)
 30  47 
 77 
27156(1)
 33  47 
 80 
36158(2)
 34  50 
 84 
28160(1)
 31  49 
 80 
 24 
05914803112
URVASHI SHARMA
SID: 190000067255
SchemeID: 190312007001
99102(4)
 18  33 
 51 
99104(3)
 16  57 
 73 
99106(3)
 23  58 
 81 
27108(3)
 15  41 
 56 
36110(3)
 16  48 
 64 
28112(3)
 17  41 
 58 
99114(3)
 18  52 
 70 
99152(1)
 34  46 
 80 
99154(1)
 34  51 
 85 
27156(1)
 32  51 
 83 
36158(2)
 32  54 
 86 
28160(1)
 35  52 
 87 
 28 
06014803112
AAWESH
SID: 190000067256
SchemeID: 190312007001
99102(4)
 17  44 
 61 
99104(3)
 13  42 
 55 
99106(3)
 17  58 
 75 
27108(3)
 14  34 
50*
36110(3)
 14  38 
 52 
28112(3)
 13  54 
 67 
99114(3)
 13  47 
 60 
99152(1)
 35  36 
 71 
99154(1)
 37  50 
 87 
27156(1)
 28  48 
 76 
36158(2)
 33  51 
 84 
28160(1)
 38  40 
 78 
 28
06114803112
AARUSH SAKHUJI
SID: 190000067257
SchemeID: 190312007001
99102(4)
 14  30 
50*
99104(3)
 11  47 
 58 
99106(3)
 20  36 
 56 
27108(3)
 16  47 
 63 
36110(3)
 12  44 
 56 
28112(3)
 10  22 
 32 
99114(3)
 21  40 
 61 
99152(1)
 34  41 
 75 
99154(1)
 32  52 
 84 
27156(1)
 32  50 
 82 
36158(2)
 32  48 
 80 
28160(1)
 32  49 
 81 
 25 
06214803112
NEERAJ KUMAR VERMA
SID: 190000067258
SchemeID: 190312007001
99102(4)
 18  57 
 75 
99104(3)
 13  55 
 68 
99106(3)
 16  50 
 66 
27108(3)
 15  36 
 51 
36110(3)
 14  54 
 68 
28112(3)
 16  39 
 55 
99114(3)
 21  39 
 60 
99152(1)
 32  54 
 86 
99154(1)
 34  53 
 87 
27156(1)
 31  45 
 76 
36158(2)
 35  52 
 87 
28160(1)
 31  52 
 83 
 28 
06314803112
SOURABH KUMAR
SID: 190000067259
SchemeID: 190312007001
99102(4)
 18  40 
 58 
99104(3)
 12  58 
 70 
99106(3)
 21  52 
 73 
27108(3)
 17  52 
 69 
36110(3)
 12  53 
 65 
28112(3)
 16  54 
 70 
99114(3)
 17  41 
 58 
99152(1)
 32  49 
 81 
99154(1)
 32  54 
 86 
27156(1)
 31  40 
 71 
36158(2)
 21  52 
 73 
28160(1)
 30  51 
 81 
 28 
06414803112
HARSHITA SINGH
SID: 190000067260
SchemeID: 190312007001
99102(4)
 14  47 
 61 
99104(3)
 11  45 
 56 
99106(3)
 18  39 
 57 
27108(3)
 13  50 
 63 
36110(3)
 15  44 
 59 
28112(3)
 15  43 
 58 
99114(3)
 17  53 
 70 
99152(1)
 28  42 
 70 
99154(1)
 30  46 
 76 
27156(1)
 31  45 
 76 
36158(2)
 14  49 
 63 
28160(1)
 30  50 
 80 
 28 
06514803112
JATIN KUMAR
SID: 190000067261
SchemeID: 190312007001
99102(4)
 17  47 
 64 
99104(3)
 17  49 
 66 
99106(3)
 18  44 
 62 
27108(3)
 18  51 
 69 
36110(3)
 17  39 
 56 
28112(3)
 17  56 
 73 
99114(3)
 15  44 
 59 
99152(1)
 37  42 
 79 
99154(1)
 33  48 
 81 
27156(1)
 32  48 
 80 
36158(2)
 30  51 
 81 
28160(1)
 34  45 
 79 
 28 
06614803112
NEHA
SID: 190000067262
SchemeID: 190312007001
99102(4)
 11  50 
 61 
99104(3)
 13  52 
 65 
99106(3)
 17  39 
 56 
27108(3)
 16  49 
 65 
36110(3)
 14  37 
 51 
28112(3)
 16  41 
 57 
99114(3)
 17  48 
 65 
99152(1)
 31  33 
 64 
99154(1)
 34  52 
 86 
27156(1)
 32  48 
 80 
36158(2)
 26  51 
 77 
28160(1)
 32  50 
 82 
 28 
06714803112
PRIYA SEHRAWAT
SID: 190000067263
SchemeID: 190312007001
99102(4)
 14  42 
 56 
99104(3)
 18  53 
 71 
99106(3)
 21  47 
 68 
27108(3)
 18  58 
 76 
36110(3)
 17  62 
 79 
28112(3)
 16  63 
 79 
99114(3)
 21  32 
 53 
99152(1)
 35  43 
 78 
99154(1)
 34  51 
 85 
27156(1)
 38  50 
 88 
36158(2)
 28  52 
 80 
28160(1)
 35  50 
 85 
 28 
06814803112
ANURAG TREHAN
SID: 190000067264
SchemeID: 190312007001
99102(4)
 16  36 
 52 
99104(3)
 6  38 
50*
99106(3)
 13  42 
 55 
27108(3)
 16  46 
 62 
36110(3)
 8  52 
 60 
28112(3)
 11  51 
 62 
99114(3)
 13  50 
 63 
99152(1)
 28  49 
 77 
99154(1)
 27  52 
 79 
27156(1)
 20  48 
 68 
36158(2)
 23  50 
 73 
28160(1)
 32  53 
 85 
 28 
06914803112
KULDEEP KUMAR
SID: 190000067265
SchemeID: 190312007001
99102(4)
 16  22 
 38 
99104(3)
 14  41 
 55 
99106(3)
 20  46 
 66 
27108(3)
 21  50 
 71 
36110(3)
 18  55 
 73 
28112(3)
 16  46 
 62 
99114(3)
 15  49 
 64 
99152(1)
 37  45 
 82 
99154(1)
 34  53 
 87 
27156(1)
 32  45 
 77 
36158(2)
 28  47 
 75 
28160(1)
 34  51 
 85 
 24 
07014803112
PALLAVI VERMA
SID: 190000067266
SchemeID: 190312007001
99102(4)
 17  43 
 60 
99104(3)
 13  42 
 55 
99106(3)
 14  49 
 63 
27108(3)
 15  41 
 56 
36110(3)
 14  49 
 63 
28112(3)
 14  38 
 52 
99114(3)
 13  46 
 59 
99152(1)
 30  38 
 68 
99154(1)
 25  46 
 71 
27156(1)
 21  45 
 66 
36158(2)
 26  50 
 76 
28160(1)
 27  40 
 67 
 28
07114803112
PRERNA SINGH
SID: 190000067267
SchemeID: 190312007001
99102(4)
 11  28 
 39 
99104(3)
 7  48 
 55 
99106(3)
 20  54 
 74 
27108(3)
 8  41 
50*
36110(3)
 12  62 
 74 
28112(3)
 13  51 
 64 
99114(3)
 13  38 
 51 
99152(1)
 25  49 
 74 
99154(1)
 22  48 
 70 
27156(1)
 25  49 
 74 
36158(2)
 20  51 
 71 
28160(1)
 25  52 
 77 
 24 
07214803112
SHALU SINGH
SID: 190000067268
SchemeID: 190312007001
99102(4)
 15  28 
 43 
99104(3)
 13  41 
 54 
99106(3)
 15  41 
 56 
27108(3)
 13  53 
 66 
36110(3)
 10  59 
 69 
28112(3)
 10  48 
 58 
99114(3)
 13  36 
50*
99152(1)
 25  37 
 62 
99154(1)
 29  47 
 76 
27156(1)
 30  45 
 75 
36158(2)
 28  49 
 77 
28160(1)
 20  44 
 64 
 24 
07314803112
SUKHDEV MATHUR
SID: 190000067269
SchemeID: 190312007001
99102(4)
 20  47 
 67 
99104(3)
 14  47 
 61 
99106(3)
 19  35 
 54 
27108(3)
 24  59 
 83 
36110(3)
 17  54 
 71 
28112(3)
 17  39 
 56 
99114(3)
 15  49 
 64 
99152(1)
 36  49 
 85 
99154(1)
 33  50 
 83 
27156(1)
 38  55 
 93 
36158(2)
 31  53 
 84 
28160(1)
 32  51 
 83 
 28 
07414803112
VAIBHAV ANAND
SID: 190000067270
SchemeID: 190312007001
99102(4)
 15  31 
 46 
99104(3)
 13  45 
 58 
99106(3)
 19  45 
 64 
27108(3)
 16  36 
 52 
36110(3)
 15  46 
 61 
28112(3)
 15  32 
50*
99114(3)
 13  44 
 57 
99152(1)
 30  33 
 63 
99154(1)
 34  52 
 86 
27156(1)
 32  43 
 75 
36158(2)
 20  47 
 67 
28160(1)
 26  49 
 75 
 24 
07514803112
ANMOL VIRMANI
SID: 190000067271
SchemeID: 190312007001
99102(4)
 20  47 
 67 
99104(3)
 17  49 
 66 
99106(3)
 19  41 
 60 
27108(3)
 21  56 
 77 
36110(3)
 19  59 
 78 
28112(3)
 14  62 
 76 
99114(3)
 19  48 
 67 
99152(1)
 32  36 
 68 
99154(1)
 35  50 
 85 
27156(1)
 35  45 
 80 
36158(2)
 24  52 
 76 
28160(1)
 32  51 
 83 
 28 
07614803112
AMAN BAREJA
SID: 190000067272
SchemeID: 190312007001
99102(4)
 19  43 
 62 
99104(3)
 16  51 
 67 
99106(3)
 19  55 
 74 
27108(3)
 18  45 
 63 
36110(3)
 11  61 
 72 
28112(3)
 20  43 
 63 
99114(3)
 17  48 
 65 
99152(1)
 34  43 
 77 
99154(1)
 32  49 
 81 
27156(1)
 30  45 
 75 
36158(2)
 27  50 
 77 
28160(1)
 30  53 
 83 
 28 
07714803112
ASHISH KUMAR AGGARWAL
SID: 190000067273
SchemeID: 190312007001
99102(4)
 21  45 
 66 
99104(3)
 16  60 
 76 
99106(3)
 23  48 
 71 
27108(3)
 21  49 
 70 
36110(3)
 24  63 
 87 
28112(3)
 20  65 
 85 
99114(3)
 18  54 
 72 
99152(1)
 34  53 
 87 
99154(1)
 33  56 
 89 
27156(1)
 33  50 
 83 
36158(2)
 32  50 
 82 
28160(1)
 34  53 
 87 
 28 
07814803112
TEJESHWAR SINGH
SID: 190000067274
SchemeID: 190312007001
99102(4)
 16  46 
 62 
99104(3)
 16  35 
 51 
99106(3)
 15  36 
 51 
27108(3)
 22  42 
 64 
36110(3)
 16  58 
 74 
28112(3)
 16  37 
 53 
99114(3)
 14  37 
 51 
99152(1)
 33  53 
 86 
99154(1)
 32  52 
 84 
27156(1)
 32  51 
 83 
36158(2)
 31  51 
 82 
28160(1)
 32  55 
 87 
 28 
07914803112
DEEPAK GOYAL
SID: 190000067275
SchemeID: 190312007001
99102(4)
 20  50 
 70 
99104(3)
 22  70 
 92 
99106(3)
 21  55 
 76 
27108(3)
 22  59 
 81 
36110(3)
 20  66 
 86 
28112(3)
 23  71 
 94 
99114(3)
 15  56 
 71 
99152(1)
 33  45 
 78 
99154(1)
 35  50 
 85 
27156(1)
 34  51 
 85 
36158(2)
 27  49 
 76 
28160(1)
 33  50 
 83 
 28 
08014803112
LAKSHAYA SOOD
SID: 190000067276
SchemeID: 190312007001
99102(4)
 10  33 
 43 
99104(3)
 13  51 
 64 
99106(3)
 17  60 
 77 
27108(3)
 21  64 
 85 
36110(3)
 15  47 
 62 
28112(3)
 16  58 
 74 
99114(3)
 15  50 
 65 
99152(1)
 32  35 
 67 
99154(1)
 30  50 
 80 
27156(1)
 35  45 
 80 
36158(2)
 27  50 
 77 
28160(1)
 30  48 
 78 
 24
08114803112
RISHAV KUMAR
SID: 190000067277
SchemeID: 190312007001
99102(4)
 17  49 
 66 
99104(3)
 16  43 
 59 
99106(3)
 19  46 
 65 
27108(3)
 23  41 
 64 
36110(3)
 20  48 
 68 
28112(3)
 20  50 
 70 
99114(3)
 15  47 
 62 
99152(1)
 32  48 
 80 
99154(1)
 35  55 
 90 
27156(1)
 34  55 
 89 
36158(2)
 31  46 
 77 
28160(1)
 37  52 
 89 
 28 
08214803112
SAHIL JAIN
SID: 190000067278
SchemeID: 190312007001
99102(4)
 22  68 
 90 
99104(3)
 22  64 
 86 
99106(3)
 21  58 
 79 
27108(3)
 20  62 
 82 
36110(3)
 23  58 
 81 
28112(3)
 18  69 
 87 
99114(3)
 20  42 
 62 
99152(1)
 36  46 
 82 
99154(1)
 38  56 
 94 
27156(1)
 38  50 
 88 
36158(2)
 32  49 
 81 
28160(1)
 36  48 
 84 
 28 
08314803112
AKSHANSH
SID: 190000067279
SchemeID: 190312007001
99102(4)
 19  37 
 56 
99104(3)
 16  49 
 65 
99106(3)
 23  64 
 87 
27108(3)
 21  51 
 72 
36110(3)
 15  56 
 71 
28112(3)
 19  62 
 81 
99114(3)
 21  42 
 63 
99152(1)
 27  38 
 65 
99154(1)
 33  55 
 88 
27156(1)
 31  52 
 83 
36158(2)
 34  50 
 84 
28160(1)
 32  46 
 78 
 28 
08414803112
RAHUL YADAV
SID: 190000067280
SchemeID: 190312007001
99102(4)
 17  50 
 67 
99104(3)
 16  52 
 68 
99106(3)
 18  60 
 78 
27108(3)
 21  50 
 71 
36110(3)
 22  52 
 74 
28112(3)
 16  63 
 79 
99114(3)
 14  45 
 59 
99152(1)
 30  45 
 75 
99154(1)
 32  53 
 85 
27156(1)
 31  47 
 78 
36158(2)
 24  50 
 74 
28160(1)
 26  47 
 73 
 28 
08514803112
ADITYA BAJAJ
SID: 190000067281
SchemeID: 190312007001
99102(4)
 17  40 
 57 
99104(3)
 14  46 
 60 
99106(3)
 22  65 
 87 
27108(3)
 18  49 
 67 
36110(3)
 11  36 
50*
28112(3)
 14  50 
 64 
99114(3)
 21  48 
 69 
99152(1)
 26  46 
 72 
99154(1)
 35  50 
 85 
27156(1)
 30  46 
 76 
36158(2)
 25  44 
 69 
28160(1)
 25  45 
 70 
 28 
08614803112
ROHAN GARG
SID: 190000067282
SchemeID: 190312007001
99102(4)
 20  44 
 64 
99104(3)
 22  67 
 89 
99106(3)
 23  54 
 77 
27108(3)
 21  64 
 85 
36110(3)
 19  57 
 76 
28112(3)
 20  67 
 87 
99114(3)
 21  59 
 80 
99152(1)
 38  56 
 94 
99154(1)
 32  51 
 83 
27156(1)
 38  50 
 88 
36158(2)
 34  52 
 86 
28160(1)
 32  53 
 85 
 28 
08714803112
ANUJ NIJHAWAN
SID: 190000067283
SchemeID: 190312007001
99102(4)
 17  61 
 78 
99104(3)
 20  61 
 81 
99106(3)
 18  58 
 76 
27108(3)
 16  54 
 70 
36110(3)
 18  64 
 82 
28112(3)
 19  62 
 81 
99114(3)
 17  52 
 69 
99152(1)
 32  35 
 67 
99154(1)
 35  50 
 85 
27156(1)
 32  49 
 81 
36158(2)
 29  46 
 75 
28160(1)
 33  53 
 86 
 28 
08814803112
UMANG HANS
SID: 190000067284
SchemeID: 190312007001
99102(4)
 5  53 
 58 
99104(3)
 4  56 
 60 
99106(3)
 5  63 
 68 
27108(3)
 5  59 
 64 
36110(3)
 5  43 
50*
28112(3)
 5  59 
 64 
99114(3)
 5  43 
50*
99152(1)
 27  41 
 68 
99154(1)
 26  48 
 74 
27156(1)
 31  50 
 81 
36158(2)
 25  49 
 74 
28160(1)
 20  51 
 71 
 28 
08914803112
DEEPAK KAPOOR
SID: 190000067285
SchemeID: 190312007001
99102(4)
 11  36 
50*
99104(3)
 9  29 
 38 
99106(3)
 18  47 
 65 
27108(3)
 21  48 
 69 
36110(3)
 16  58 
 74 
28112(3)
 17  50 
 67 
99114(3)
 16  46 
 62 
99152(1)
 27  41 
 68 
99154(1)
 32  45 
 77 
27156(1)
 28  49 
 77 
36158(2)
 22  50 
 72 
28160(1)
 28  46 
 74 
 25 
09014803112
RAHUL GARG
SID: 190000067286
SchemeID: 190312007001
99102(4)
 14  48 
 62 
99104(3)
 16  56 
 72 
99106(3)
 17  61 
 78 
27108(3)
 23  52 
 75 
36110(3)
 19  54 
 73 
28112(3)
 17  47 
 64 
99114(3)
 13  43 
 56 
99152(1)
 30  55 
 85 
99154(1)
 33  56 
 89 
27156(1)
 29  49 
 78 
36158(2)
 31  43 
 74 
28160(1)
 30  49 
 79 
 28
09114803112
ROHAN SHEKU
SID: 190000067287
SchemeID: 190312007001
99102(4)
 20  51 
 71 
99104(3)
 16  38 
 54 
99106(3)
 20  31 
 51 
27108(3)
 24  58 
 82 
36110(3)
 18  46 
 64 
28112(3)
 16  55 
 71 
99114(3)
 17  53 
 70 
99152(1)
 35  42 
 77 
99154(1)
 34  50 
 84 
27156(1)
 30  50 
 80 
36158(2)
 31  45 
 76 
28160(1)
 35  50 
 85 
 28 
09214803112
NIPUN GARG
SID: 190000067288
SchemeID: 190312007001
99102(4)
 17  61 
 78 
99104(3)
 17  51 
 68 
99106(3)
 21  38 
 59 
27108(3)
 23  58 
 81 
36110(3)
 22  55 
 77 
28112(3)
 21  70 
 91 
99114(3)
 21  49 
 70 
99152(1)
 32  49 
 81 
99154(1)
 34  53 
 87 
27156(1)
 33  51 
 84 
36158(2)
 31  47 
 78 
28160(1)
 36  50 
 86 
 28 
09314803112
VISHAL PANDEY
SID: 190000067289
SchemeID: 190312007001
99102(4)
 15  28 
 43 
99104(3)
 18  48 
 66 
99106(3)
 21  39 
 60 
27108(3)
 18  52 
 70 
36110(3)
 20  53 
 73 
28112(3)
 20  63 
 83 
99114(3)
 14  50 
 64 
99152(1)
 37  56 
 93 
99154(1)
 32  54 
 86 
27156(1)
 33  51 
 84 
36158(2)
 34  50 
 84 
28160(1)
 36  55 
 91 
 24 
09414803112
PURTI
SID: 190000067290
SchemeID: 190312007001
99102(4)
 20  55 
 75 
99104(3)
 22  56 
 78 
99106(3)
 18  29 
50*
27108(3)
 23  43 
 66 
36110(3)
 22  56 
 78 
28112(3)
 18  40 
 58 
99114(3)
 20  50 
 70 
99152(1)
 38  53 
 91 
99154(1)
 34  52 
 86 
27156(1)
 34  52 
 86 
36158(2)
 35  48 
 83 
28160(1)
 33  52 
 85 
 28 
09514803112
VIBHOR SEHGAL
SID: 190000067291
SchemeID: 190312007001
99102(4)
 19  67 
 86 
99104(3)
 21  68 
 89 
99106(3)
 20  43 
 63 
27108(3)
 22  62 
 84 
36110(3)
 17  57 
 74 
28112(3)
 17  61 
 78 
99114(3)
 23  61 
 84 
99152(1)
 38  49 
 87 
99154(1)
 35  57 
 92 
27156(1)
 36  51 
 87 
36158(2)
 30  48 
 78 
28160(1)
 35  51 
 86 
 28 
09614803112
KRITI SETH
SID: 190000067292
SchemeID: 190312007001
99102(4)
 23  69 
 92 
99104(3)
 19  75 
 94 
99106(3)
 25  58 
 83 
27108(3)
 23  63 
 86 
36110(3)
 24  72 
 96 
28112(3)
 20  68 
 88 
99114(3)
 22  63 
 85 
99152(1)
 34  50 
 84 
99154(1)
 38  55 
 93 
27156(1)
 34  48 
 82 
36158(2)
 37  54 
 91 
28160(1)
 34  57 
 91 
 28 
09714803112
AAKASH ROY
SID: 190000067293
SchemeID: 190312007001
99102(4)
 14  48 
 62 
99104(3)
 17  39 
 56 
99106(3)
 18  30 
50*
27108(3)
 14  40 
 54 
36110(3)
 9  44 
 53 
28112(3)
 19  32 
 51 
99114(3)
 15  45 
 60 
99152(1)
 30  53 
 83 
99154(1)
 34  54 
 88 
27156(1)
 36  50 
 86 
36158(2)
 30  50 
 80 
28160(1)
 32  51 
 83 
 28 
09814803112
VAIBHAV CHANDHOK
SID: 190000067294
SchemeID: 190312007001
99102(4)
 17  57 
 74 
99104(3)
 17  75 
 92 
99106(3)
 18  47 
 65 
27108(3)
 22  63 
 85 
36110(3)
 13  60 
 73 
28112(3)
 17  48 
 65 
99114(3)
 21  59 
 80 
99152(1)
 33  49 
 82 
99154(1)
 34  51 
 85 
27156(1)
 30  51 
 81 
36158(2)
 27  46 
 73 
28160(1)
 22  55 
 77 
 28 
09914803112
ABHISHEK AGGARWAL
SID: 190000067295
SchemeID: 190312007001
99102(4)
 13  56 
 69 
99104(3)
 14  57 
 71 
99106(3)
 22  53 
 75 
27108(3)
 18  58 
 76 
36110(3)
 10  57 
 67 
28112(3)
 20  52 
 72 
99114(3)
 14  55 
 69 
99152(1)
 29  44 
 73 
99154(1)
 36  55 
 91 
27156(1)
 25  51 
 76 
36158(2)
 33  46 
 79 
28160(1)
 26  53 
 79 
 28 
10014803112
KARAN RAINA
SID: 190000067296
SchemeID: 190312007001
99102(4)
 21  71 
 92 
99104(3)
 20  67 
 87 
99106(3)
 22  55 
 77 
27108(3)
 25  57 
 82 
36110(3)
 21  62 
 83 
28112(3)
 21  63 
 84 
99114(3)
 18  58 
 76 
99152(1)
 36  44 
 80 
99154(1)
 36  54 
 90 
27156(1)
 37  50 
 87 
36158(2)
 31  48 
 79 
28160(1)
 36  53 
 89 
 28
10114803112
LOKESH TUTEJA
SID: 190000067297
SchemeID: 190312007001
99102(4)
 8  47 
 55 
99104(3)
 13  59 
 72 
99106(3)
 15  30 
50*
27108(3)
 15  42 
 57 
36110(3)
 16  49 
 65 
28112(3)
 17  49 
 66 
99114(3)
 13  44 
 57 
99152(1)
 31  41 
 72 
99154(1)
 30  56 
 86 
27156(1)
 32  47 
 79 
36158(2)
 30  46 
 76 
28160(1)
 31  53 
 84 
 28 
10214803112
NIKHIL TAYAL
SID: 190000067298
SchemeID: 190312007001
99102(4)
 15  56 
 71 
99104(3)
 6  74 
 80 
99106(3)
 15  48 
 63 
27108(3)
 16  47 
 63 
36110(3)
 16  55 
 71 
28112(3)
 14  60 
 74 
99114(3)
 20  41 
 61 
99152(1)
 25  42 
 67 
99154(1)
 28  54 
 82 
27156(1)
 26  52 
 78 
36158(2)
 20  43 
 63 
28160(1)
 32  50 
 82 
 28 
10314803112
M P NARASIMHAN
SID: 190000067299
SchemeID: 190312007001
99102(4)
 7  26 
 33 
99104(3)
 16  57 
 73 
99106(3)
 20  34 
 54 
27108(3)
 10  45 
 55 
36110(3)
 14  44 
 58 
28112(3)
 13  57 
 70 
99114(3)
 22  32 
 54 
99152(1)
 24  51 
 75 
99154(1)
 31  55 
 86 
27156(1)
 34  49 
 83 
36158(2)
 26  50 
 76 
28160(1)
 20  55 
 75 
 24 
10414803112
DEEPTI  KATHURIA
SID: 190000067300
SchemeID: 190312007001
99102(4)
 18  73 
 91 
99104(3)
 21  75 
 96 
99106(3)
 24  67 
 91 
27108(3)
 21  60 
 81 
36110(3)
 25  57 
 82 
28112(3)
 23  75 
 98 
99114(3)
 20  49 
 69 
99152(1)
 37  52 
 89 
99154(1)
 38  58 
 96 
27156(1)
 38  50 
 88 
36158(2)
 33  52 
 85 
28160(1)
 38  54 
 92 
 28 
10514803112
AMIT GUPTA
SID: 190000067301
SchemeID: 190312007001
99102(4)
 13  44 
 57 
99104(3)
 11  60 
 71 
99106(3)
 16  38 
 54 
27108(3)
 13  47 
 60 
36110(3)
 11  37 
50*
28112(3)
 13  47 
 60 
99114(3)
 20  25 
 45 
99152(1)
 25  44 
 69 
99154(1)
 30  52 
 82 
27156(1)
 30  40 
 70 
36158(2)
 30  45 
 75 
28160(1)
 20  47 
 67 
 25 
10614803112
VAIBHAV MINOCHA
SID: 190000067302
SchemeID: 190312007001
99102(4)
 15  47 
 62 
99104(3)
 10  69 
 79 
99106(3)
 14  30 
50*
27108(3)
 19  31 
 50 
36110(3)
 14  51 
 65 
28112(3)
 16  56 
 72 
99114(3)
 11  42 
 53 
99152(1)
 32  43 
 75 
99154(1)
 31  50 
 81 
27156(1)
 25  40 
 65 
36158(2)
 25  50 
 75 
28160(1)
 27  44 
 71 
 28 
10714803112
SRISHTI SURJAN
SID: 190000067303
SchemeID: 190312007001
99102(4)
 16  68 
 84 
99104(3)
 14  58 
 72 
99106(3)
 20  38 
 58 
27108(3)
 10  38 
50*
36110(3)
 12  53 
 65 
28112(3)
 17  68 
 85 
99114(3)
 18  41 
 59 
99152(1)
 24  44 
 68 
99154(1)
 30  50 
 80 
27156(1)
 33  43 
 76 
36158(2)
 24  52 
 76 
28160(1)
 19  49 
 68 
 28 
10814803112
SARTHAK MITTAL
SID: 190000067304
SchemeID: 190312007001
99102(4)
 15  38 
 53 
99104(3)
 17  34 
 51 
99106(3)
 17  38 
 55 
27108(3)
 14  33 
50*
36110(3)
 14  51 
 65 
28112(3)
 15  44 
 59 
99114(3)
 19  32 
 51 
99152(1)
 35  49 
 84 
99154(1)
 34  52 
 86 
27156(1)
 36  45 
 81 
36158(2)
 31  53 
 84 
28160(1)
 32  50 
 82 
 28 
10914803112
PALAK GUPTA
SID: 190000067305
SchemeID: 190312007001
99102(4)
 23  54 
 77 
99104(3)
 20  55 
 75 
99106(3)
 23  67 
 90 
27108(3)
 21  53 
 74 
36110(3)
 19  62 
 81 
28112(3)
 21  73 
 94 
99114(3)
 24  46 
 70 
99152(1)
 37  54 
 91 
99154(1)
 37  52 
 89 
27156(1)
 38  54 
 92 
36158(2)
 30  52 
 82 
28160(1)
 30  56 
 86 
 28 
11014803112
DEEPAN VERMA
SID: 190000067306
SchemeID: 190312007001
99102(4)
 19  65 
 84 
99104(3)
 15  71 
 86 
99106(3)
 19  48 
 67 
27108(3)
 14  46 
 60 
36110(3)
 15  62 
 77 
28112(3)
 21  75 
 96 
99114(3)
 20  37 
 57 
99152(1)
 28  43 
 71 
99154(1)
 34  50 
 84 
27156(1)
 36  49 
 85 
36158(2)
 27  53 
 80 
28160(1)
 30  52 
 82 
 28 
11114803112
AMANDEEP SACHDEVA
SID: 190000067307
SchemeID: 190312007001
99102(4)
 21  53 
 74 
99104(3)
 16  54 
 70 
99106(3)
 22  35 
 57 
27108(3)
 20  39 
 59 
36110(3)
 18  52 
 70 
28112(3)
 19  57 
 76 
99114(3)
 21  57 
 78 
99152(1)
 35  49 
 84 
99154(1)
 34  53 
 87 
27156(1)
 32  48 
 80 
36158(2)
 32  45 
 77 
28160(1)
 30  49 
 79 
 28 
11214803112
AKASH JAIN
SID: 190000067308
SchemeID: 190312007001
99102(4)
 18  67 
 85 
99104(3)
 12  53 
 65 
99106(3)
 22  46 
 68 
27108(3)
 15  47 
 62 
36110(3)
 15  54 
 69 
28112(3)
 16  68 
 84 
99114(3)
 14  40 
 54 
99152(1)
 35  52 
 87 
99154(1)
 35  52 
 87 
27156(1)
 35  52 
 87 
36158(2)
 34  53 
 87 
28160(1)
 36  47 
 83 
 28 
11314803112
JYOTMAN SINGH
SID: 190000067309
SchemeID: 190312007001
99102(4)
 18  36 
 54 
99104(3)
 5  55 
 60 
99106(3)
 20  40 
 60 
27108(3)
 18  48 
 66 
36110(3)
 14  53 
 67 
28112(3)
 15  40 
 55 
99114(3)
 19  31 
 50 
99152(1)
 35  50 
 85 
99154(1)
 34  53 
 87 
27156(1)
 32  49 
 81 
36158(2)
 30  46 
 76 
28160(1)
 31  51 
 82 
 28 
11414803112
GEETANSH JAIN
SID: 190000067310
SchemeID: 190312007001
99102(4)
 21  61 
 82 
99104(3)
 22  75 
 97 
99106(3)
 24  58 
 82 
27108(3)
 21  57 
 78 
36110(3)
 17  68 
 85 
28112(3)
 21  63 
 84 
99114(3)
 22  44 
 66 
99152(1)
 37  52 
 89 
99154(1)
 35  51 
 86 
27156(1)
 31  48 
 79 
36158(2)
 33  51 
 84 
28160(1)
 33  53 
 86 
 28 
11514803112
BARUN SHARMA
SID: 190000067311
SchemeID: 190312007001
99102(4)
 16  34 
 50 
99104(3)
 14  48 
 62 
99106(3)
 22  38 
 60 
27108(3)
 18  61 
 79 
36110(3)
 14  45 
 59 
28112(3)
 16  43 
 59 
99114(3)
 14  25 
 39 
99152(1)
 33  50 
 83 
99154(1)
 36  54 
 90 
27156(1)
 32  49 
 81 
36158(2)
 35  54 
 89 
28160(1)
 28  50 
 78 
 25 
11614803112
AYUSH LALCHANDANI
SID: 190000067312
SchemeID: 190312007001
99102(4)
 21  46 
 67 
99104(3)
 11  49 
 60 
99106(3)
 20  29 
50*
27108(3)
 23  59 
 82 
36110(3)
 15  43 
 58 
28112(3)
 17  55 
 72 
99114(3)
 21  43 
 64 
99152(1)
 30  47 
 77 
99154(1)
 30  52 
 82 
27156(1)
 29  45 
 74 
36158(2)
 23  46 
 69 
28160(1)
 24  54 
 78 
 28 
11714803112
ABHISHEK BHARDWAJ
SID: 190000067313
SchemeID: 190312007001
99102(4)
 18  62 
 80 
99104(3)
 18  75 
 93 
99106(3)
 23  53 
 76 
27108(3)
 18  36 
 54 
36110(3)
 22  61 
 83 
28112(3)
 23  61 
 84 
99114(3)
 22  51 
 73 
99152(1)
 34  52 
 86 
99154(1)
 34  52 
 86 
27156(1)
 40  45 
 85 
36158(2)
 35  51 
 86 
28160(1)
 36  56 
 92 
 28 
11814803112
HITESHI CHOWDHARY
SID: 190000067314
SchemeID: 190312007001
99102(4)
 21  60 
 81 
99104(3)
 15  52 
 67 
99106(3)
 21  38 
 59 
27108(3)
 21  42 
 63 
36110(3)
 17  54 
 71 
28112(3)
 18  57 
 75 
99114(3)
 21  42 
 63 
99152(1)
 29  51 
 80 
99154(1)
 33  52 
 85 
27156(1)
 32  48 
 80 
36158(2)
 31  48 
 79 
28160(1)
 33  53 
 86 
 28 
11914803112
ANSHUL GOEL
SID: 190000067315
SchemeID: 190312007001
99102(4)
 16  49 
 65 
99104(3)
 17  71 
 88 
99106(3)
 19  38 
 57 
27108(3)
 23  42 
 65 
36110(3)
 17  66 
 83 
28112(3)
 17  49 
 66 
99114(3)
 19  38 
 57 
99152(1)
 30  49 
 79 
99154(1)
 33  50 
 83 
27156(1)
 30  49 
 79 
36158(2)
 36  52 
 88 
28160(1)
 36  55 
 91 
 28 
12014803112
SHANTANU KWATRA
SID: 190000067316
SchemeID: 190312007001
99102(4)
 15  58 
 73 
99104(3)
 13  59 
 72 
99106(3)
 18  34 
 52 
27108(3)
 19  57 
 76 
36110(3)
 12  53 
 65 
28112(3)
 16  51 
 67 
99114(3)
 19  41 
 60 
99152(1)
 31  44 
 75 
99154(1)
 32  53 
 85 
27156(1)
 38  55 
 93 
36158(2)
 29  45 
 74 
28160(1)
 24  48 
 72 
 28 
12114803112
MAYANK LAMBA
SID: 190000067317
SchemeID: 190312007001
99102(4)
 9  37 
 46 
99104(3)
 10  46 
 56 
99106(3)
 16  38 
 54 
27108(3)
 18  42 
 60 
36110(3)
 10  37 
50*
28112(3)
 16  40 
 56 
99114(3)
 19  40 
 59 
99152(1)
 30  41 
 71 
99154(1)
 32  52 
 84 
27156(1)
 31  48 
 79 
36158(2)
 29  54 
 83 
28160(1)
 32  45 
 77 
 24 
12214803112
RAHUL JAIN
SID: 190000067318
SchemeID: 190312007001
99102(4)
 22  75 
 97 
99104(3)
 15  62 
 77 
99106(3)
 23  55 
 78 
27108(3)
 24  59 
 83 
36110(3)
 20  56 
 76 
28112(3)
 21  48 
 69 
99114(3)
 18  48 
 66 
99152(1)
 36  42 
 78 
99154(1)
 35  56 
 91 
27156(1)
 36  54 
 90 
36158(2)
 33  53 
 86 
28160(1)
 35  53 
 88 
 28 
12314803112
PREETI
SID: 190000067319
SchemeID: 190312007001
99102(4)
 23  68 
 91 
99104(3)
 16  74 
 90 
99106(3)
 25  57 
 82 
27108(3)
 21  49 
 70 
36110(3)
 22  58 
 80 
28112(3)
 21  65 
 86 
99114(3)
 20  57 
 77 
99152(1)
 35  52 
 87 
99154(1)
 38  58 
 96 
27156(1)
 36  54 
 90 
36158(2)
 35  56 
 91 
28160(1)
 35  55 
 90 
 28 
12414803112
ANKUSH GARG
SID: 190000067320
SchemeID: 190312007001
99102(4)
 15  40 
 55 
99104(3)
 11  44 
 55 
99106(3)
 18  45 
 63 
27108(3)
 24  44 
 68 
36110(3)
 18  51 
 69 
28112(3)
 18  41 
 59 
99114(3)
 18  21 
 39 
99152(1)
 29  42 
 71 
99154(1)
 30  52 
 82 
27156(1)
 34  49 
 83 
36158(2)
 30  52 
 82 
28160(1)
 29  52 
 81 
 25 
12514803112
MANIK CHAWLA
SID: 190000067321
SchemeID: 190312007001
99102(4)
 20  62 
 82 
99104(3)
 12  54 
 66 
99106(3)
 23  53 
 76 
27108(3)
 21  55 
 76 
36110(3)
 14  57 
 71 
28112(3)
 16  51 
 67 
99114(3)
 20  44 
 64 
99152(1)
 27  50 
 77 
99154(1)
 35  55 
 90 
27156(1)
 32  52 
 84 
36158(2)
 31  49 
 80 
28160(1)
 28  49 
 77 
 28 
12614803112
ASHISH GOEL
SID: 190000067322
SchemeID: 190312007001
99102(4)
 19  54 
 73 
99104(3)
 12  43 
 55 
99106(3)
 20  48 
 68 
27108(3)
 22  44 
 66 
36110(3)
 15  63 
 78 
28112(3)
 17  54 
 71 
99114(3)
 17  35 
 52 
99152(1)
 36  51 
 87 
99154(1)
 32  54 
 86 
27156(1)
 36  52 
 88 
36158(2)
 34  52 
 86 
28160(1)
 30  49 
 79 
 28 
12714803112
SANYA SAHNI
SID: 190000067323
SchemeID: 190312007001
99102(4)
 18  51 
 69 
99104(3)
 19  67 
 86 
99106(3)
 23  63 
 86 
27108(3)
 15  51 
 66 
36110(3)
 16  63 
 79 
28112(3)
 20  52 
 72 
99114(3)
 22  63 
 85 
99152(1)
 36  48 
 84 
99154(1)
 35  54 
 89 
27156(1)
 32  44 
 76 
36158(2)
 30  54 
 84 
28160(1)
 31  54 
 85 
 28 
12814803112
SHARAD DARGAN
SID: 190000067324
SchemeID: 190312007001
99102(4)
 19  73 
 92 
99104(3)
 14  67 
 81 
99106(3)
 20  58 
 78 
27108(3)
 21  47 
 68 
36110(3)
 20  64 
 84 
28112(3)
 20  55 
 75 
99114(3)
 20  37 
 57 
99152(1)
 33  49 
 82 
99154(1)
 35  55 
 90 
27156(1)
 32  51 
 83 
36158(2)
 31  54 
 85 
28160(1)
 28  56 
 84 
 28 
12914803112
SHASHANK JOSHI
SID: 190000067325
SchemeID: 190312007001
99102(4)
 18  75 
 93 
99104(3)
 18  72 
 90 
99106(3)
 23  56 
 79 
27108(3)
 19  54 
 73 
36110(3)
 18  63 
 81 
28112(3)
 20  58 
 78 
99114(3)
 20  51 
 71 
99152(1)
 32  51 
 83 
99154(1)
 34  55 
 89 
27156(1)
 32  52 
 84 
36158(2)
 30  51 
 81 
28160(1)
 32  50 
 82 
 28 
13014803112
NITIKA MALHOTRA
SID: 190000067326
SchemeID: 190312007001
99102(4)
 22  74 
 96 
99104(3)
 24  75 
 99 
99106(3)
 22  52 
 74 
27108(3)
 20  57 
 77 
36110(3)
 21  65 
 86 
28112(3)
 20  51 
 71 
99114(3)
 20  52 
 72 
99152(1)
 38  47 
 85 
99154(1)
 37  56 
 93 
27156(1)
 32  50 
 82 
36158(2)
 30  54 
 84 
28160(1)
 30  52 
 82 
 28 
13114803112
ASHISH KHOSLA
SID: 190000067327
SchemeID: 190312007001
99102(4)
 18  62 
 80 
99104(3)
 15  63 
 78 
99106(3)
 22  44 
 66 
27108(3)
 17  40 
 57 
36110(3)
 15  62 
 77 
28112(3)
 19  62 
 81 
99114(3)
 20  47 
 67 
99152(1)
 30  47 
 77 
99154(1)
 35  54 
 89 
27156(1)
 30  45 
 75 
36158(2)
 32  56 
 88 
28160(1)
 37  54 
 91 
 28 
13214803112
VARUN AGGARWAL
SID: 190000067328
SchemeID: 190312007001
99102(4)
 19  66 
 85 
99104(3)
 19  64 
 83 
99106(3)
 22  52 
 74 
27108(3)
 13  47 
 60 
36110(3)
 17  48 
 65 
28112(3)
 17  58 
 75 
99114(3)
 22  61 
 83 
99152(1)
 34  51 
 85 
99154(1)
 35  52 
 87 
27156(1)
 34  48 
 82 
36158(2)
 30  57 
 87 
28160(1)
 31  48 
 79 
 28 
13314803112
YASH AGGARWAL
SID: 190000067329
SchemeID: 190312007001
99102(4)
 18  69 
 87 
99104(3)
 16  75 
 91 
99106(3)
 24  54 
 78 
27108(3)
 17  51 
 68 
36110(3)
 17  62 
 79 
28112(3)
 21  64 
 85 
99114(3)
 21  49 
 70 
99152(1)
 34  50 
 84 
99154(1)
 35  54 
 89 
27156(1)
 32  42 
 74 
36158(2)
 34  52 
 86 
28160(1)
 35  54 
 89 
 28 
13414803112
VINEET SINGH
SID: 190000067330
SchemeID: 190312007001
99102(4)
 18  69 
 87 
99104(3)
 9  70 
 79 
99106(3)
 20  51 
 71 
27108(3)
 22  45 
 67 
36110(3)
 12  51 
 63 
28112(3)
 15  51 
 66 
99114(3)
 19  55 
 74 
99152(1)
 33  47 
 80 
99154(1)
 34  52 
 86 
27156(1)
 36  48 
 84 
36158(2)
 26  53 
 79 
28160(1)
 25  52 
 77 
 28 
13514803112
DHRUV SHARMA
SID: 190000067331
SchemeID: 190312007001
99102(4)
 23  75 
 98 
99104(3)
 22  75 
 97 
99106(3)
 25  60 
 85 
27108(3)
 24  53 
 77 
36110(3)
 23  61 
 84 
28112(3)
 21  61 
 82 
99114(3)
 21  45 
 66 
99152(1)
 35  52 
 87 
99154(1)
 38  54 
 92 
27156(1)
 36  53 
 89 
36158(2)
 34  56 
 90 
28160(1)
 37  56 
 93 
 28 
13614803112
ABHISHEK JINDAL
SID: 190000067332
SchemeID: 190312007001
99102(4)
 14  52 
 66 
99104(3)
 11  45 
 56 
99106(3)
 16  44 
 60 
27108(3)
 23  48 
 71 
36110(3)
 14  53 
 67 
28112(3)
 16  47 
 63 
99114(3)
 19  35 
 54 
99152(1)
 34  44 
 78 
99154(1)
 30  53 
 83 
27156(1)
 36  53 
 89 
36158(2)
 34  49 
 83 
28160(1)
 29  48 
 77 
 28 
13714803112
VINAY BHARDWAJ
SID: 190000067333
SchemeID: 190312007001
99102(4)
 21  60 
 81 
99104(3)
 19  65 
 84 
99106(3)
 24  67 
 91 
27108(3)
 22  52 
 74 
36110(3)
 21  63 
 84 
28112(3)
 20  57 
 77 
99114(3)
 20  41 
 61 
99152(1)
 31  48 
 79 
99154(1)
 34  52 
 86 
27156(1)
 32  49 
 81 
36158(2)
 32  53 
 85 
28160(1)
 35  48 
 83 
 28 
13814803112
HARSHITA LAV
SID: 190000066744
SchemeID: 190312007001
99102(4)
 19  67 
 86 
99104(3)
 16  74 
 90 
99106(3)
 24  68 
 92 
27108(3)
 16  53 
 69 
36110(3)
 16  69 
 85 
28112(3)
 19  64 
 83 
99114(3)
 22  57 
 79 
99152(1)
 35  51 
 86 
99154(1)
 33  53 
 86 
27156(1)
 30  48 
 78 
36158(2)
 25  48 
 73 
28160(1)
 35  49 
 84 
 28 
13914803112
RICHA SHARMA
SID: 190000066745
SchemeID: 190312007001
99102(4)
 23  68 
 91 
99104(3)
 17  68 
 85 
99106(3)
 23  69 
 92 
27108(3)
 18  54 
 72 
36110(3)
 21  57 
 78 
28112(3)
 18  75 
 93 
99114(3)
 21  46 
 67 
99152(1)
 37  52 
 89 
99154(1)
 38  53 
 91 
27156(1)
 32  47 
 79 
36158(2)
 32  48 
 80 
28160(1)
 36  57 
 93 
 28 
14014803112
SWAPNIL AHUJA
SID: 190000066746
SchemeID: 190312007001
99102(4)
 23  67 
 90 
99104(3)
 22  58 
 80 
99106(3)
 20  55 
 75 
27108(3)
 18  50 
 68 
36110(3)
 21  67 
 88 
28112(3)
 23  74 
 97 
99114(3)
 23  34 
 57 
99152(1)
 36  50 
 86 
99154(1)
 32  50 
 82 
27156(1)
 39  46 
 85 
36158(2)
 33  53 
 86 
28160(1)
 33  52 
 85 
 28 
14114803112
CHIRAG KHATRI
SID: 190000066747
SchemeID: 190312007001
99102(4)
 15  49 
 64 
99104(3)
 17  57 
 74 
99106(3)
 24  58 
 82 
27108(3)
 19  46 
 65 
36110(3)
 17  55 
 72 
28112(3)
 20  53 
 73 
99114(3)
 20  43 
 63 
99152(1)
 27  53 
 80 
99154(1)
 33  53 
 86 
27156(1)
 35  49 
 84 
36158(2)
 34  49 
 83 
28160(1)
 33  53 
 86 
 28 
14214803112
AYUSH SINGHAL
SID: 190000066748
SchemeID: 190312007001
99102(4)
 16  28 
50*
99104(3)
 18  52 
 70 
99106(3)
 23  51 
 74 
27108(3)
 24  48 
 72 
36110(3)
 19  51 
 70 
28112(3)
 16  61 
 77 
99114(3)
 19  38 
 57 
99152(1)
 30  47 
 77 
99154(1)
 34  54 
 88 
27156(1)
 37  49 
 86 
36158(2)
 29  44 
 73 
28160(1)
 28  54 
 82 
 28 
14314803112
SHUBHAM GUPTA
SID: 190000066749
SchemeID: 190312007001
99102(4)
 16  44 
 60 
99104(3)
 20  42 
 62 
99106(3)
 17  27 
50*
27108(3)
 17  36 
 53 
36110(3)
 21  46 
 67 
28112(3)
 17  43 
 60 
99114(3)
 13  30 
 43 
99152(1)
 37  49 
 86 
99154(1)
 34  50 
 84 
27156(1)
 34  42 
 76 
36158(2)
 35  52 
 87 
28160(1)
 38  52 
 90 
 25 
14414803112
ASHWANI KHATRI
SID: 190000066750
SchemeID: 190312007001
99102(4)
 20  59 
 79 
99104(3)
 16  52 
 68 
99106(3)
 20  39 
 59 
27108(3)
 24  54 
 78 
36110(3)
 20  49 
 69 
28112(3)
 21  52 
 73 
99114(3)
 17  36 
 53 
99152(1)
 29  48 
 77 
99154(1)
 34  52 
 86 
27156(1)
 29  45 
 74 
36158(2)
 31  47 
 78 
28160(1)
 36  48 
 84 
 28 
14514803112
SAMIKSHA LOHIA
SID: 190000066751
SchemeID: 190312007001
99102(4)
 22  58 
 80 
99104(3)
 17  55 
 72 
99106(3)
 25  43 
 68 
27108(3)
 20  46 
 66 
36110(3)
 21  52 
 73 
28112(3)
 21  58 
 79 
99114(3)
 18  36 
 54 
99152(1)
 35  52 
 87 
99154(1)
 35  53 
 88 
27156(1)
 36  45 
 81 
36158(2)
 38  56 
 94 
28160(1)
 33  50 
 83 
 28 
14614803112
MEGHA RAIZADA
SID: 190000066752
SchemeID: 190312007001
99102(4)
 19  54 
 73 
99104(3)
 21  64 
 85 
99106(3)
 23  44 
 67 
27108(3)
 14  49 
 63 
36110(3)
 17  53 
 70 
28112(3)
 19  64 
 83 
99114(3)
 21  35 
 56 
99152(1)
 32  50 
 82 
99154(1)
 35  50 
 85 
27156(1)
 39  46 
 85 
36158(2)
 29  56 
 85 
28160(1)
 35  51 
 86 
 28 
14714803112
GAURAV AHUJA
SID: 190000066753
SchemeID: 190312007001
99102(4)
 16  49 
 65 
99104(3)
 11  29 
 40 
99106(3)
 20  33 
 53 
27108(3)
 17  42 
 59 
36110(3)
 14  43 
 57 
28112(3)
 16  53 
 69 
99114(3)
 21  38 
 59 
99152(1)
 28  51 
 79 
99154(1)
 32  53 
 85 
27156(1)
 30  40 
 70 
36158(2)
 31  56 
 87 
28160(1)
 25  50 
 75 
 25 
14814803112
AASHNA GUPTA
SID: 190000066754
SchemeID: 190312007001
99102(4)
 17  51 
 68 
99104(3)
 14  39 
 53 
99106(3)
 20  37 
 57 
27108(3)
 22  52 
 74 
36110(3)
 16  41 
 57 
28112(3)
 13  27 
 40 
99114(3)
 16  49 
 65 
99152(1)
 29  47 
 76 
99154(1)
 35  54 
 89 
27156(1)
 32  54 
 86 
36158(2)
 21  54 
 75 
28160(1)
 25  52 
 77 
 25 
14914803112
PRAKUL CHOPRA
SID: 190000066762
SchemeID: 190312007001
99102(4)
 19  73 
 92 
99104(3)
 18  65 
 83 
99106(3)
 21  55 
 76 
27108(3)
 19  48 
 67 
36110(3)
 19  49 
 68 
28112(3)
 19  62 
 81 
99114(3)
 20  44 
 64 
99152(1)
 35  48 
 83 
99154(1)
 37  52 
 89 
27156(1)
 38  55 
 93 
36158(2)
 33  50 
 83 
28160(1)
 32  56 
 88 
 28 
15014803112
ISHITA JAIN
SID: 190000066761
SchemeID: 190312007001
99102(4)
 14  55 
 69 
99104(3)
 15  49 
 64 
99106(3)
 22  63 
 85 
27108(3)
 17  51 
 68 
36110(3)
 18  48 
 66 
28112(3)
 18  50 
 68 
99114(3)
 19  39 
 58 
99152(1)
 34  52 
 86 
99154(1)
 37  57 
 94 
27156(1)
 38  55 
 93 
36158(2)
 30  53 
 83 
28160(1)
 32  54 
 86 
 28 
15114803112
SAKSHI PRUTHI
SID: 190000066766
SchemeID: 190312007001
99102(4)
 16  46 
 62 
99104(3)
 17  49 
 66 
99106(3)
 17  61 
 78 
27108(3)
 20  56 
 76 
36110(3)
 14  48 
 62 
28112(3)
 19  44 
 63 
99114(3)
 23  43 
 66 
99152(1)
 22  54 
 76 
99154(1)
 33  54 
 87 
27156(1)
 33  52 
 85 
36158(2)
 30  55 
 85 
28160(1)
 30  53 
 83 
 28 
15214803112
HIMANSHI CHHABRA
SID: 190000066760
SchemeID: 190312007001
99102(4)
 16  60 
 76 
99104(3)
 19  64 
 83 
99106(3)
 16  59 
 75 
27108(3)
 20  60 
 80 
36110(3)
 15  64 
 79 
28112(3)
 18  60 
 78 
99114(3)
 20  48 
 68 
99152(1)
 22  56 
 78 
99154(1)
 34  53 
 87 
27156(1)
 33  48 
 81 
36158(2)
 34  56 
 90 
28160(1)
 30  53 
 83 
 28 
15314803112
ADITYA KHETARPAL
SID: 190000066758
SchemeID: 190312007001
99102(4)
 20  59 
 79 
99104(3)
 22  66 
 88 
99106(3)
 21  63 
 84 
27108(3)
 19  54 
 73 
36110(3)
 13  48 
 61 
28112(3)
 15  48 
 63 
99114(3)
 22  34 
 56 
99152(1)
 35  56 
 91 
99154(1)
 35  52 
 87 
27156(1)
 35  50 
 85 
36158(2)
 37  55 
 92 
28160(1)
 33  52 
 85 
 28 
15414803112
ANUJ GUPTA
SID: 190000066759
SchemeID: 190312007001
99102(4)
 20  64 
 84 
99104(3)
 19  63 
 82 
99106(3)
 20  61 
 81 
27108(3)
 23  59 
 82 
36110(3)
 22  53 
 75 
28112(3)
 14  46 
 60 
99114(3)
 20  40 
 60 
99152(1)
 33  55 
 88 
99154(1)
 35  52 
 87 
27156(1)
 36  48 
 84 
36158(2)
 37  54 
 91 
28160(1)
 36  52 
 88 
 28 
15514803112
VAIBHAV BANSAL
SID: 190000066756
SchemeID: 190312007001
99102(4)
 15  63 
 78 
99104(3)
 15  55 
 70 
99106(3)
 22  65 
 87 
27108(3)
 17  54 
 71 
36110(3)
 15  47 
 62 
28112(3)
 13  47 
 60 
99114(3)
 21  47 
 68 
99152(1)
 38  54 
 92 
99154(1)
 35  52 
 87 
27156(1)
 34  54 
 88 
36158(2)
 35  51 
 86 
28160(1)
 34  56 
 90 
 28 
15614803112
RAGHAV KALRA
SID: 190000066765
SchemeID: 190312007001
99102(4)
 16  53 
 69 
99104(3)
 11  48 
 59 
99106(3)
 19  57 
 76 
27108(3)
 21  56 
 77 
36110(3)
 15  51 
 66 
28112(3)
 11  50 
 61 
99114(3)
 18  53 
 71 
99152(1)
 29  49 
 78 
99154(1)
 33  50 
 83 
27156(1)
 36  41 
 77 
36158(2)
 26  45 
 71 
28160(1)
 32  49 
 81 
 28 
15714803112
ROHAN MEHRA
SID: 190000066764
SchemeID: 190312007001
99102(4)
 18  57 
 75 
99104(3)
 15  51 
 66 
99106(3)
 21  48 
 69 
27108(3)
 18  60 
 78 
36110(3)
 13  49 
 62 
28112(3)
 15  51 
 66 
99114(3)
 20  43 
 63 
99152(1)
 34  53 
 87 
99154(1)
 36  50 
 86 
27156(1)
 32  47 
 79 
36158(2)
 30  45 
 75 
28160(1)
 32  56 
 88 
 28 
15814803112
NIKHIL
SID: 190000066755
SchemeID: 190312007001
99102(4)
 14  51 
 65 
99104(3)
 20  54 
 74 
99106(3)
 18  60 
 78 
27108(3)
 18  37 
 55 
36110(3)
 12  42 
 54 
28112(3)
 15  47 
 62 
99114(3)
 18  48 
 66 
99152(1)
 33  48 
 81 
99154(1)
 34  51 
 85 
27156(1)
 30  52 
 82 
36158(2)
 30  50 
 80 
28160(1)
 30  49 
 79 
 28 
15914803112
RICHA AGGARWAL
SID: 190000066763
SchemeID: 190312007001
99102(4)
 15  43 
 58 
99104(3)
 10  47 
 57 
99106(3)
 17  64 
 81 
27108(3)
 16  52 
 68 
36110(3)
 16  48 
 64 
28112(3)
 13  52 
 65 
99114(3)
 19  58 
 77 
99152(1)
 33  51 
 84 
99154(1)
 32  52 
 84 
27156(1)
 33  47 
 80 
36158(2)
 37  56 
 93 
28160(1)
 32  50 
 82 
 28 
16014803112
ADITI BANSAL
SID: 190000066757
SchemeID: 190312007001
99102(4)
 17  50 
 67 
99104(3)
 15  60 
 75 
99106(3)
 19  52 
 71 
27108(3)
 19  45 
 64 
36110(3)
 12  56 
 68 
28112(3)
 16  52 
 68 
99114(3)
 21  55 
 76 
99152(1)
 30  52 
 82 
99154(1)
 34  55 
 89 
27156(1)
 37  43 
 80 
36158(2)
 30  47 
 77 
28160(1)
 33  55 
 88 
 28 