00196403112
MANSI
SID: 190000066888
SchemeID: 190312007001
99102(4)
 15  27 
 42 
99104(3)
 13  43 
 56 
99106(3)
 18  46 
 64 
27108(3)
 24  56 
 80 
36110(3)
 13  56 
 69 
28112(3)
 18  41 
 59 
99114(3)
 23  51 
 74 
99152(1)
 34  48 
 82 
99154(1)
 33  43 
 76 
27156(1)
 34  45 
 79 
36158(2)
 32  51 
 83 
28160(1)
 34  45 
 79 
 24 
00296403112
SNEHA DAHIYA
SID: 190000066889
SchemeID: 190312007001
99102(4)
 13  31 
50*
99104(3)
 6  37 
 43 
99106(3)
 13  46 
 59 
27108(3)
 11  42 
 53 
36110(3)
 13  53 
 66 
28112(3)
 9  53 
 62 
99114(3)
 21  46 
 67 
99152(1)
 24  49 
 73 
99154(1)
 30  45 
 75 
27156(1)
 34  42 
 76 
36158(2)
 19  51 
 70 
28160(1)
 29  45 
 74 
 25 
00396403112
VARUN DEEP
SID: 190000066890
SchemeID: 190312007001
99102(4)
 19  57 
 76 
99104(3)
 16  64 
 80 
99106(3)
 22  38 
 60 
27108(3)
 19  30 
50*
36110(3)
 13  53 
 66 
28112(3)
 20  41 
 61 
99114(3)
 15  49 
 64 
99152(1)
 37  51 
 88 
99154(1)
 38  49 
 87 
27156(1)
 32  59 
 91 
36158(2)
 37  51 
 88 
28160(1)
 36  55 
 91 
 28 
00496403112
GAURAV DEEP
SID: 190000066891
SchemeID: 190312007001
99102(4)
 18  67 
 85 
99104(3)
 16  50 
 66 
99106(3)
 20  49 
 69 
27108(3)
 16  51 
 67 
36110(3)
 12  49 
 61 
28112(3)
 19  44 
 63 
99114(3)
 17  56 
 73 
99152(1)
 37  50 
 87 
99154(1)
 38  52 
 90 
27156(1)
 32  49 
 81 
36158(2)
 37  50 
 87 
28160(1)
 32  51 
 83 
 28 
00696403112
KHUSHANSU KOHLI
SID: 190000067334
SchemeID: 190312007001
99102(4)
 19  49 
 68 
99104(3)
 16  43 
 59 
99106(3)
 20  47 
 67 
27108(3)
 21  42 
 63 
36110(3)
 18  49 
 67 
28112(3)
 20  51 
 71 
99114(3)
 17  47 
 64 
99152(1)
 34  53 
 87 
99154(1)
 36  48 
 84 
27156(1)
 38  53 
 91 
36158(2)
 34  50 
 84 
28160(1)
 35  47 
 82 
 28 
00796403112
VIVEK
SID: 190000067335
SchemeID: 190312007001
99102(4)
 17  21 
 38 
99104(3)
 15  48 
 63 
99106(3)
 16  43 
 59 
27108(3)
 13  37 
 50 
36110(3)
 15  57 
 72 
28112(3)
 17  52 
 69 
99114(3)
 14  46 
 60 
99152(1)
 31  40 
 71 
99154(1)
 30  49 
 79 
27156(1)
 22  51 
 73 
36158(2)
 24  53 
 77 
28160(1)
 30  46 
 76 
 24 
00896403112
HITESH KUMAR
SID: 190000067336
SchemeID: 190312007001
99102(4)
 15  23 
 38 
99104(3)
 11  35 
50*
99106(3)
 16  46 
 62 
27108(3)
 14  39 
 53 
36110(3)
 9  23 
 32 
28112(3)
 15  45 
 60 
99114(3)
 17  41 
 58 
99152(1)
 31  42 
 73 
99154(1)
 34  51 
 85 
27156(1)
 32  50 
 82 
36158(2)
 26  52 
 78 
28160(1)
 29  46 
 75 
 21 
00996403112
SAURABH SINGH
SID: 190000067337
SchemeID: 190312007001
99102(4)
 13  25 
 38 
99104(3)
 8  47 
 55 
99106(3)
 16  47 
 63 
27108(3)
 7  34 
 41 
36110(3)
 6  24 
 30 
28112(3)
 9  47 
 56 
99114(3)
 13  44 
 57 
99152(1)
 30  41 
 71 
99154(1)
 30  46 
 76 
27156(1)
 27  50 
 77 
36158(2)
 22  46 
 68 
28160(1)
 26  46 
 72 
 18 
01096403112
ANKIT BHARTI
SID: 190000067338
SchemeID: 190312007001
99102(4)
 13  45 
 58 
99104(3)
 12  65 
 77 
99106(3)
 19  53 
 72 
27108(3)
 19  54 
 73 
36110(3)
 10  50 
 60 
28112(3)
 17  50 
 67 
99114(3)
 17  51 
 68 
99152(1)
 32  45 
 77 
99154(1)
 34  52 
 86 
27156(1)
 32  54 
 86 
36158(2)
 32  54 
 86 
28160(1)
 36  46 
 82 
 28 
01196403112
SUNIL KUMAR
SID: 190000067339
SchemeID: 190312007001
99102(4)
 11  21 
 32 
99104(3)
 6  25 
 31 
99106(3)
 13  59 
 72 
27108(3)
 15  23 
 38 
36110(3)
 9  26 
 35 
28112(3)
 11  34 
50*
99114(3)
 15  28 
 43 
99152(1)
 24  47 
 71 
99154(1)
 32  44 
 76 
27156(1)
 34  52 
 86 
36158(2)
 30  52 
 82 
28160(1)
 30  46 
 76 
 12
01296403112
ANKUSH BAROLIA
SID: 190000067340
SchemeID: 190312007001
99102(4)
 15  70 
 85 
99104(3)
 13  46 
 59 
99106(3)
 15  54 
 69 
27108(3)
 15  34 
50*
36110(3)
 9  35 
 44 
28112(3)
 12  52 
 64 
99114(3)
 20  51 
 71 
99152(1)
 31  48 
 79 
99154(1)
 31  43 
 74 
27156(1)
 38  51 
 89 
36158(2)
 34  53 
 87 
28160(1)
 31  48 
 79 
 25 
01396403112
RAVINDER KUMAR
SID: 190000067341
SchemeID: 190312007001
99102(4)
 13  61 
 74 
99104(3)
 14  69 
 83 
99106(3)
 20  56 
 76 
27108(3)
 13  44 
 57 
36110(3)
 15  53 
 68 
28112(3)
 16  43 
 59 
99114(3)
 17  47 
 64 
99152(1)
 28  40 
 68 
99154(1)
 30  44 
 74 
27156(1)
 31  48 
 79 
36158(2)
 30  52 
 82 
28160(1)
 28  45 
 73 
 28 
01496403112
MOHIT CHAWLA
SID: 190000067342
SchemeID: 190312007001
99102(4)
 23  66 
 89 
99104(3)
 20  58 
 78 
99106(3)
 19  61 
 80 
27108(3)
 16  52 
 68 
36110(3)
 19  62 
 81 
28112(3)
 21  47 
 68 
99114(3)
 22  45 
 67 
99152(1)
 31  42 
 73 
99154(1)
 32  55 
 87 
27156(1)
 32  47 
 79 
36158(2)
 33  54 
 87 
28160(1)
 36  55 
 91 
 28 
01596403112
JOHNEY JINDAL
SID: 190000067343
SchemeID: 190312007001
99102(4)
 16  38 
 54 
99104(3)
 10  42 
 52 
99106(3)
 15  43 
 58 
27108(3)
 10  35 
 45 
36110(3)
 8  45 
 53 
28112(3)
 16  29 
50*
99114(3)
 9  50 
 59 
99152(1)
 23  50 
 73 
99154(1)
 22  42 
 64 
27156(1)
 17  48 
 65 
36158(2)
 15  46 
 61 
28160(1)
 22  54 
 76 
 25 
01696403112
VIPIN DAGUR
SID: 190000067344
SchemeID: 190312007001
99102(4)
 17  49 
 66 
99104(3)
 10  34 
 44 
99106(3)
 16  40 
 56 
27108(3)
 13 C
C
36110(3)
 15  63 
 78 
28112(3)
 17  28 
50*
99114(3)
 13  37 
 50 
99152(1)
 29  44 
 73 
99154(1)
 25  47 
 72 
27156(1)
 32  50 
 82 
36158(2)
 35  50 
 85 
28160(1)
 33  52 
 85 
 22 
01796403112
MANISH RUSTAGI
SID: 190000067345
SchemeID: 190312007001
99102(4)
 19  69 
 88 
99104(3)
 16  54 
 70 
99106(3)
 19  56 
 75 
27108(3)
 16  53 
 69 
36110(3)
 19  61 
 80 
28112(3)
 20  62 
 82 
99114(3)
 16  50 
 66 
99152(1)
 34  54 
 88 
99154(1)
 37  51 
 88 
27156(1)
 32  50 
 82 
36158(2)
 35  50 
 85 
28160(1)
 35  54 
 89 
 28 
01896403112
SHASHANK SHARMA
SID: 190000067346
SchemeID: 190312007001
99102(4)
 19  39 
 58 
99104(3)
 15  57 
 72 
99106(3)
 16  51 
 67 
27108(3)
 14  45 
 59 
36110(3)
 16  47 
 63 
28112(3)
 13  30 
 43 
99114(3)
 21  40 
 61 
99152(1)
 30  51 
 81 
99154(1)
 29  48 
 77 
27156(1)
 31  49 
 80 
36158(2)
 31  50 
 81 
28160(1)
 35  49 
 84 
 25 
01996403112
ELVIS SINGHAL
SID: 190000067347
SchemeID: 190312007001
99102(4)
 18  53 
 71 
99104(3)
 21  66 
 87 
99106(3)
 16  47 
 63 
27108(3)
 15  56 
 71 
36110(3)
 19  53 
 72 
28112(3)
 22  64 
 86 
99114(3)
 24  43 
 67 
99152(1)
 34  52 
 86 
99154(1)
 38  53 
 91 
27156(1)
 36  55 
 91 
36158(2)
 35  50 
 85 
28160(1)
 37  55 
 92 
 28 
02096403112
ANAMIKA DAS
SID: 190000067348
SchemeID: 190312007001
99102(4)
 21  65 
 86 
99104(3)
 18  57 
 75 
99106(3)
 19  62 
 81 
27108(3)
 15  55 
 70 
36110(3)
 18  60 
 78 
28112(3)
 19  57 
 76 
99114(3)
 23  51 
 74 
99152(1)
 35  47 
 82 
99154(1)
 34  50 
 84 
27156(1)
 38  54 
 92 
36158(2)
 36  52 
 88 
28160(1)
 35  49 
 84 
 28 
02196403112
UJJWAL AGGARWAL
SID: 190000067349
SchemeID: 190312007001
99102(4)
 16  48 
 64 
99104(3)
 15  59 
 74 
99106(3)
 18  61 
 79 
27108(3)
 21  50 
 71 
36110(3)
 14  51 
 65 
28112(3)
 15  46 
 61 
99114(3)
 20  50 
 70 
99152(1)
 31  38 
 69 
99154(1)
 32  48 
 80 
27156(1)
 35  50 
 85 
36158(2)
 32  50 
 82 
28160(1)
 35  50 
 85 
 28
02296403112
HIMANSHU SINGHAL
SID: 190000067350
SchemeID: 190312007001
99102(4)
 18  70 
 88 
99104(3)
 16  49 
 65 
99106(3)
 21  65 
 86 
27108(3)
 18  58 
 76 
36110(3)
 16  43 
 59 
28112(3)
 20  55 
 75 
99114(3)
 19  41 
 60 
99152(1)
 37  46 
 83 
99154(1)
 37  53 
 90 
27156(1)
 34  54 
 88 
36158(2)
 29  49 
 78 
28160(1)
 32  50 
 82 
 28 
02396403112
RAMIT SHARMA
SID: 190000067351
SchemeID: 190312007001
99102(4)
 19  70 
 89 
99104(3)
 17  59 
 76 
99106(3)
 14  52 
 66 
27108(3)
 18  58 
 76 
36110(3)
 12  33 
50*
28112(3)
 16  36 
 52 
99114(3)
 22  35 
 57 
99152(1)
 25  47 
 72 
99154(1)
 31  52 
 83 
27156(1)
 29  52 
 81 
36158(2)
 28  48 
 76 
28160(1)
 29  49 
 78 
 28 
02496403112
SHUBHAM GUPTA
SID: 190000067352
SchemeID: 190312007001
99102(4)
 15  54 
 69 
99104(3)
 16  73 
 89 
99106(3)
 18  65 
 83 
27108(3)
 17  62 
 79 
36110(3)
 12  63 
 75 
28112(3)
 22  54 
 76 
99114(3)
 19  57 
 76 
99152(1)
 26  43 
 69 
99154(1)
 34  53 
 87 
27156(1)
 33  49 
 82 
36158(2)
 31  48 
 79 
28160(1)
 35  52 
 87 
 28 
02596403112
HIMANI SINGH
SID: 190000067353
SchemeID: 190312007001
99102(4)
 18  41 
 59 
99104(3)
 18  63 
 81 
99106(3)
 18  58 
 76 
27108(3)
 15  59 
 74 
36110(3)
 10  64 
 74 
28112(3)
 15  58 
 73 
99114(3)
 22  63 
 85 
99152(1)
 34  45 
 79 
99154(1)
 33  52 
 85 
27156(1)
 33  49 
 82 
36158(2)
 34  50 
 84 
28160(1)
 29  45 
 74 
 28 
02696403112
ISHAN SHARMA
SID: 190000067354
SchemeID: 190312007001
99102(4)
 18  61 
 79 
99104(3)
 16  60 
 76 
99106(3)
 21  39 
 60 
27108(3)
 19  60 
 79 
36110(3)
 16  53 
 69 
28112(3)
 20  54 
 74 
99114(3)
 15  43 
 58 
99152(1)
 33  50 
 83 
99154(1)
 38  53 
 91 
27156(1)
 40  56 
 96 
36158(2)
 33  52 
 85 
28160(1)
 35  49 
 84 
 28 
02796403112
SAHARSH JAIN
SID: 190000067355
SchemeID: 190312007001
99102(4)
 14  41 
 55 
99104(3)
 17  53 
 70 
99106(3)
 24  53 
 77 
27108(3)
 23  56 
 79 
36110(3)
 18  50 
 68 
28112(3)
 23  57 
 80 
99114(3)
 19  51 
 70 
99152(1)
 36  44 
 80 
99154(1)
 38  56 
 94 
27156(1)
 37  54 
 91 
36158(2)
 31  50 
 81 
28160(1)
 34  56 
 90 
 28 
02896403112
KARTIK MAHARISHI
SID: 190000067356
SchemeID: 190312007001
99102(4)
 17  58 
 75 
99104(3)
 5  38 
 43 
99106(3)
 12  38 
 50 
27108(3)
 11  47 
 58 
36110(3)
 6  52 
 58 
28112(3)
 13  42 
 55 
99114(3)
 4  42 
50*
99152(1)
 26  47 
 73 
99154(1)
 32  50 
 82 
27156(1)
 24  50 
 74 
36158(2)
 30  48 
 78 
28160(1)
 28  47 
 75 
 25 
02996403112
AKSHITA JAIN
SID: 190000067357
SchemeID: 190312007001
99102(4)
 19  46 
 65 
99104(3)
 18  49 
 67 
99106(3)
 22  55 
 77 
27108(3)
 18  45 
 63 
36110(3)
 20  60 
 80 
28112(3)
 17  49 
 66 
99114(3)
 24  54 
 78 
99152(1)
 33  47 
 80 
99154(1)
 35  55 
 90 
27156(1)
 34  49 
 83 
36158(2)
 33  52 
 85 
28160(1)
 36  49 
 85 
 28 
03096403112
PRACHI SHARMA
SID: 190000067358
SchemeID: 190312007001
99102(4)
 20  75 
 95 
99104(3)
 21  62 
 83 
99106(3)
 23  46 
 69 
27108(3)
 15  47 
 62 
36110(3)
 22  62 
 84 
28112(3)
 19  49 
 68 
99114(3)
 24  55 
 79 
99152(1)
 37  50 
 87 
99154(1)
 36  53 
 89 
27156(1)
 33  49 
 82 
36158(2)
 35  51 
 86 
28160(1)
 37  50 
 87 
 28 
03196403112
SAAD KHAN
SID: 190000067359
SchemeID: 190312007001
99102(4)
 15  42 
 57 
99104(3)
 13  41 
 54 
99106(3)
 10  37 
50*
27108(3)
 7  30 
 37 
36110(3)
 10  45 
 55 
28112(3)
 15  38 
 53 
99114(3)
 13  42 
 55 
99152(1)
 25  46 
 71 
99154(1)
 25  48 
 73 
27156(1)
 27  48 
 75 
36158(2)
 15  47 
 62 
28160(1)
 20  45 
 65 
 25
03296403112
MOHAMMAD SHAHNAWAZ
SID: 190000067360
SchemeID: 190312007001
99102(4)
 18  54 
 72 
99104(3)
 16  45 
 61 
99106(3)
 14  33 
50*
27108(3)
 13  39 
 52 
36110(3)
 18  56 
 74 
28112(3)
 19  48 
 67 
99114(3)
 17  38 
 55 
99152(1)
 27  45 
 72 
99154(1)
 34  42 
 76 
27156(1)
 31  50 
 81 
36158(2)
 32  50 
 82 
28160(1)
 27  49 
 76 
 28 
03396403112
SANKET PAHUJA
SID: 190000067361
SchemeID: 190312007001
99102(4)
 17  55 
 72 
99104(3)
 20  53 
 73 
99106(3)
 20  56 
 76 
27108(3)
 15  49 
 64 
36110(3)
 15  65 
 80 
28112(3)
 18  59 
 77 
99114(3)
 23  50 
 73 
99152(1)
 30  48 
 78 
99154(1)
 34  54 
 88 
27156(1)
 26  54 
 80 
36158(2)
 32  51 
 83 
28160(1)
 37  49 
 86 
 28 
03496403112
ARPIT MANGLA
SID: 190000067362
SchemeID: 190312007001
99102(4)
 18  63 
 81 
99104(3)
 20  57 
 77 
99106(3)
 19  49 
 68 
27108(3)
 17  44 
 61 
36110(3)
 18  66 
 84 
28112(3)
 19  56 
 75 
99114(3)
 20  52 
 72 
99152(1)
 35  53 
 88 
99154(1)
 34  55 
 89 
27156(1)
 30  49 
 79 
36158(2)
 34  51 
 85 
28160(1)
 32  43 
 75 
 28 
03596403112
ANUPAM ANAND
SID: 190000067363
SchemeID: 190312007001
99102(4)
 17  62 
 79 
99104(3)
 17  62 
 79 
99106(3)
 17  46 
 63 
27108(3)
 14  42 
 56 
36110(3)
 10  63 
 73 
28112(3)
 14  51 
 65 
99114(3)
 21  56 
 77 
99152(1)
 39  49 
 88 
99154(1)
 31  52 
 83 
27156(1)
 31  49 
 80 
36158(2)
 32  51 
 83 
28160(1)
 32  47 
 79 
 28 
03696403112
SOURABH RAJA
SID: 190000067364
SchemeID: 190312007001
99102(4)
 15  39 
 54 
99104(3)
 17  48 
 65 
99106(3)
 17  47 
 64 
27108(3)
 17  50 
 67 
36110(3)
 16  56 
 72 
28112(3)
 19  56 
 75 
99114(3)
 22  55 
 77 
99152(1)
 35  46 
 81 
99154(1)
 34  53 
 87 
27156(1)
 33  49 
 82 
36158(2)
 32  50 
 82 
28160(1)
 32  52 
 84 
 28 
03796403112
DEEPAK POPTANI
SID: 190000067365
SchemeID: 190312007001
99102(4)
 20  72 
 92 
99104(3)
 22  50 
 72 
99106(3)
 20  50 
 70 
27108(3)
 17  42 
 59 
36110(3)
 23  50 
 73 
28112(3)
 21  57 
 78 
99114(3)
 23  58 
 81 
99152(1)
 31  44 
 75 
99154(1)
 38  56 
 94 
27156(1)
 34  50 
 84 
36158(2)
 30  52 
 82 
28160(1)
 34  50 
 84 
 28 
03896403112
NIKUNJ GUPTA
SID: 190000067366
SchemeID: 190312007001
99102(4)
 20  68 
 88 
99104(3)
 20  73 
 93 
99106(3)
 19  49 
 68 
27108(3)
 21  48 
 69 
36110(3)
 14  58 
 72 
28112(3)
 18  56 
 74 
99114(3)
 24  61 
 85 
99152(1)
 32  54 
 86 
99154(1)
 33  54 
 87 
27156(1)
 35  52 
 87 
36158(2)
 31  51 
 82 
28160(1)
 33  52 
 85 
 28 
03996403112
PIYUSH PURI
SID: 190000067367
SchemeID: 190312007001
99102(4)
 16  28 
50*
99104(3)
 13  43 
 56 
99106(3)
 13  28 
 41 
27108(3)
 14  36 
 50 
36110(3)
 9  52 
 61 
28112(3)
 13  22 
 35 
99114(3)
 23  49 
 72 
99152(1)
 24  46 
 70 
99154(1)
 36  54 
 90 
27156(1)
 31  49 
 80 
36158(2)
 30  54 
 84 
28160(1)
 26  54 
 80 
 22 
04096403112
VIPUL GARG
SID: 190000067368
SchemeID: 190312007001
99102(4)
 22  60 
 82 
99104(3)
 18  62 
 80 
99106(3)
 21  40 
 61 
27108(3)
 22  43 
 65 
36110(3)
 17  55 
 72 
28112(3)
 18  52 
 70 
99114(3)
 21  55 
 76 
99152(1)
 31  53 
 84 
99154(1)
 32  55 
 87 
27156(1)
 34  57 
 91 
36158(2)
 33  49 
 82 
28160(1)
 32  52 
 84 
 28 
04196403112
SHIVAM SETHI
SID: 190000067369
SchemeID: 190312007001
99102(4)
 15  40 
 55 
99104(3)
 14  52 
 66 
99106(3)
 18  40 
 58 
27108(3)
 7  45 
 52 
36110(3)
 12  52 
 64 
28112(3)
 11  39 
 50 
99114(3)
 13  60 
 73 
99152(1)
 28  42 
 70 
99154(1)
 34  48 
 82 
27156(1)
 31  49 
 80 
36158(2)
 35  50 
 85 
28160(1)
 33  50 
 83 
 28
04396403112
SHRUTI MONGA
SID: 190000067371
SchemeID: 190312007001
99102(4)
 22  68 
 90 
99104(3)
 19  64 
 83 
99106(3)
 19  41 
 60 
27108(3)
 19  46 
 65 
36110(3)
 13  56 
 69 
28112(3)
 16  54 
 70 
99114(3)
 24  60 
 84 
99152(1)
 34  50 
 84 
99154(1)
 34  54 
 88 
27156(1)
 33  48 
 81 
36158(2)
 34  51 
 85 
28160(1)
 32  56 
 88 
 28 
04496403112
RICHA ARORA
SID: 190000067372
SchemeID: 190312007001
99102(4)
 21  53 
 74 
99104(3)
 19  63 
 82 
99106(3)
 23  57 
 80 
27108(3)
 23  48 
 71 
36110(3)
 23  51 
 74 
28112(3)
 17  50 
 67 
99114(3)
 24  66 
 90 
99152(1)
 37  51 
 88 
99154(1)
 38  59 
 97 
27156(1)
 39  56 
 95 
36158(2)
 37  57 
 94 
28160(1)
 37  56 
 93 
 28 
04596403112
LOKANKSHA SETHI
SID: 190000067373
SchemeID: 190312007001
99102(4)
 23  69 
 92 
99104(3)
 23  63 
 86 
99106(3)
 21  56 
 77 
27108(3)
 23  55 
 78 
36110(3)
 20  69 
 89 
28112(3)
 22  60 
 82 
99114(3)
 24  55 
 79 
99152(1)
 37  52 
 89 
99154(1)
 35  53 
 88 
27156(1)
 37  54 
 91 
36158(2)
 35  57 
 92 
28160(1)
 38  52 
 90 
 28 
04696403112
ABHISHEK GUPTA
SID: 190000067374
SchemeID: 190312007001
99102(4)
 18  55 
 73 
99104(3)
 20  72 
 92 
99106(3)
 16  38 
 54 
27108(3)
 16  53 
 69 
36110(3)
 21  57 
 78 
28112(3)
 21  52 
 73 
99114(3)
 19  43 
 62 
99152(1)
 32  49 
 81 
99154(1)
 33  54 
 87 
27156(1)
 31  49 
 80 
36158(2)
 29  50 
 79 
28160(1)
 33  50 
 83 
 28 
04796403112
SANCHIT DUA
SID: 190000067375
SchemeID: 190312007001
99102(4)
 17  38 
 55 
99104(3)
 15  43 
 58 
99106(3)
 15  37 
 52 
27108(3)
 19  37 
 56 
36110(3)
 17  50 
 67 
28112(3)
 14  44 
 58 
99114(3)
 20  40 
 60 
99152(1)
 33  44 
 77 
99154(1)
 33  44 
 77 
27156(1)
 36  50 
 86 
36158(2)
 32  50 
 82 
28160(1)
 33  47 
 80 
 28 
04896403112
AYUSH GOEL
SID: 190000067376
SchemeID: 190312007001
99102(4)
 20  61 
 81 
99104(3)
 22  65 
 87 
99106(3)
 23  60 
 83 
27108(3)
 22  48 
 70 
36110(3)
 16  57 
 73 
28112(3)
 21  60 
 81 
99114(3)
 24  58 
 82 
99152(1)
 32  48 
 80 
99154(1)
 37  55 
 92 
27156(1)
 39  55 
 94 
36158(2)
 37  49 
 86 
28160(1)
 38  52 
 90 
 28 
04996403112
MUKESH JAIN
SID: 190000067377
SchemeID: 190312007001
99102(4)
 23  75 
 98 
99104(3)
 20  61 
 81 
99106(3)
 19  39 
 58 
27108(3)
 19  46 
 65 
36110(3)
 23  56 
 79 
28112(3)
 21  68 
 89 
99114(3)
 22  48 
 70 
99152(1)
 32  47 
 79 
99154(1)
 35  45 
 80 
27156(1)
 35  52 
 87 
36158(2)
 32  50 
 82 
28160(1)
 33  50 
 83 
 28 
05096403112
SHUBHAM GOEL
SID: 190000067378
SchemeID: 190312007001
99102(4)
 17  50 
 67 
99104(3)
 21  57 
 78 
99106(3)
 19  49 
 68 
27108(3)
 18  39 
 57 
36110(3)
 22  49 
 71 
28112(3)
 23  71 
 94 
99114(3)
 22  53 
 75 
99152(1)
 29  46 
 75 
99154(1)
 37  52 
 89 
27156(1)
 30  49 
 79 
36158(2)
 33  52 
 85 
28160(1)
 28  49 
 77 
 28 
05196403112
JAINY SETHIA
SID: 190000067379
SchemeID: 190312007001
99102(4)
 22  64 
 86 
99104(3)
 22  71 
 93 
99106(3)
 22  47 
 69 
27108(3)
 21  40 
 61 
36110(3)
 25  61 
 86 
28112(3)
 18  75 
 93 
99114(3)
 24  48 
 72 
99152(1)
 38  52 
 90 
99154(1)
 35  54 
 89 
27156(1)
 38  54 
 92 
36158(2)
 32  58 
 90 
28160(1)
 37  52 
 89 
 28
05296403112
RAJAN PARMAR
SID: 190000067380
SchemeID: 190312007001
99102(4)
 16  75 
 91 
99104(3)
 22  69 
 91 
99106(3)
 16  42 
 58 
27108(3)
 14  40 
 54 
36110(3)
 21  57 
 78 
28112(3)
 20  69 
 89 
99114(3)
 23  50 
 73 
99152(1)
 31  49 
 80 
99154(1)
 36  55 
 91 
27156(1)
 39  50 
 89 
36158(2)
 30  51 
 81 
28160(1)
 36  52 
 88 
 28 
05396403112
BHAVYA GULATI
SID: 190000067381
SchemeID: 190312007001
99102(4)
 16  43 
 59 
99104(3)
 13  37 
 50 
99106(3)
 18  41 
 59 
27108(3)
 20  52 
 72 
36110(3)
 17  58 
 75 
28112(3)
 16  60 
 76 
99114(3)
 22  50 
 72 
99152(1)
 31  50 
 81 
99154(1)
 34  49 
 83 
27156(1)
 39  53 
 92 
36158(2)
 33  53 
 86 
28160(1)
 36  52 
 88 
 28 
05496403112
PRIYAL MITTAL
SID: 190000067382
SchemeID: 190312007001
99102(4)
 18  56 
 74 
99104(3)
 15  44 
 59 
99106(3)
 17  46 
 63 
27108(3)
 16  56 
 72 
36110(3)
 24  57 
 81 
28112(3)
 18  71 
 89 
99114(3)
 19  63 
 82 
99152(1)
 36  55 
 91 
99154(1)
 35  52 
 87 
27156(1)
 38  50 
 88 
36158(2)
 34  56 
 90 
28160(1)
 34  50 
 84 
 28 
05596403112
PRATUL NAYAR
SID: 190000067386
SchemeID: 190312007001
99102(4)
 18  56 
 74 
99104(3)
 18  51 
 69 
99106(3)
 15  37 
 52 
27108(3)
 19  55 
 74 
36110(3)
 10  44 
 54 
28112(3)
 15  58 
 73 
99114(3)
 20  51 
 71 
99152(1)
 32  49 
 81 
99154(1)
 29  42 
 71 
27156(1)
 36  50 
 86 
36158(2)
 25  51 
 76 
28160(1)
 29  49 
 78 
 28 
05696403112
PIYUSH GUPTA
SID: 190000067384
SchemeID: 190312007001
99102(4)
 18  65 
 83 
99104(3)
 17  59 
 76 
99106(3)
 17  37 
 54 
27108(3)
 20  45 
 65 
36110(3)
 12  40 
 52 
28112(3)
 13  50 
 63 
99114(3)
 22  54 
 76 
99152(1)
 34  43 
 77 
99154(1)
 34  47 
 81 
27156(1)
 32  51 
 83 
36158(2)
 31  51 
 82 
28160(1)
 32  50 
 82 
 28 
05796403112
CHIRAG BANSAL
SID: 190000067388
SchemeID: 190312007001
99102(4)
 14  46 
 60 
99104(3)
 15  41 
 56 
99106(3)
 17  26 
 43 
27108(3)
 10  41 
 51 
36110(3)
 9  48 
 57 
28112(3)
 16  43 
 59 
99114(3)
 22  41 
 63 
99152(1)
 30  45 
 75 
99154(1)
 29  48 
 77 
27156(1)
 36  54 
 90 
36158(2)
 34  51 
 85 
28160(1)
 31  57 
 88 
 25 
05896403112
URVI KHURANA
SID: 190000067383
SchemeID: 190312007001
99102(4)
 17  66 
 83 
99104(3)
 18  53 
 71 
99106(3)
 17  36 
 53 
27108(3)
 15  44 
 59 
36110(3)
 21  53 
 74 
28112(3)
 17  58 
 75 
99114(3)
 20  50 
 70 
99152(1)
 30  42 
 72 
99154(1)
 30  49 
 79 
27156(1)
 32  51 
 83 
36158(2)
 35  51 
 86 
28160(1)
 34  50 
 84 
 28 
05996403112
LAKSHAY ANAND
SID: 190000067387
SchemeID: 190312007001
99102(4)
 14  45 
 59 
99104(3)
 15  30 
50*
99106(3)
 15  42 
 57 
27108(3)
 13  37 
 50 
36110(3)
 11  50 
 61 
28112(3)
 13  39 
 52 
99114(3)
 17  53 
 70 
99152(1)
 32  45 
 77 
99154(1)
 34  48 
 82 
27156(1)
 30  49 
 79 
36158(2)
 34  50 
 84 
28160(1)
 33  50 
 83 
 28 
06096403112
VISHESH GUPTA
SID: 190000067385
SchemeID: 190312007001
99102(4)
 16  51 
 67 
99104(3)
 7  39 
50*
99106(3)
 14  44 
 58 
27108(3)
 12  40 
 52 
36110(3)
 9  36 
 45 
28112(3)
 12  57 
 69 
99114(3)
 18  46 
 64 
99152(1)
 22  51 
 73 
99154(1)
 30  52 
 82 
27156(1)
 30  48 
 78 
36158(2)
 24  49 
 73 
28160(1)
 32  49 
 81 
 25 